timestamp,offset,pct_user,pct_nice,pct_system,pct_iowait,pct_steal,pct_idle
1357495617,1,0.00,0.00,0.51,4.85,0.00,94.64
1357495618,2,0.00,0.00,0.77,1.02,0.00,98.21
1357495619,3,0.00,0.00,0.50,0.00,0.00,99.50
1357495620,4,0.25,0.00,0.25,0.00,0.00,99.49
1357495621,5,0.00,0.00,0.51,0.00,0.00,99.49
1357495622,6,3.66,0.00,4.71,6.02,0.00,85.60
1357495623,7,0.00,0.00,0.51,0.00,0.00,99.49
1357495624,8,0.00,0.00,0.25,0.00,0.00,99.75
1357495625,9,0.25,0.00,0.50,0.00,0.00,99.24
1357495626,10,0.00,0.00,0.51,0.00,0.00,99.49
1357495627,11,0.26,0.00,6.22,3.11,0.00,90.41
1357495628,12,0.25,0.00,25.94,0.00,0.00,73.80
1357495629,13,0.25,0.00,26.20,0.00,0.00,73.55
1357495630,14,0.25,0.00,25.89,0.00,0.00,73.86
1357495631,15,0.25,0.00,26.14,0.00,0.00,73.60
1357495632,16,0.25,0.00,26.20,2.77,0.00,70.78
1357495633,17,0.25,0.00,26.14,0.00,0.00,73.60
1357495634,18,0.00,0.00,26.08,0.00,0.00,73.92
1357495635,19,0.51,0.00,25.89,0.00,0.00,73.60
1357495636,20,0.00,0.00,26.21,0.00,0.00,73.79
1357495637,21,0.25,0.00,26.26,1.26,0.00,72.22
1357495638,22,0.25,0.00,26.45,0.00,0.00,73.30
1357495639,23,0.00,0.00,26.33,0.00,0.00,73.67
1357495640,24,0.25,0.00,25.89,0.00,0.00,73.86
1357495641,25,0.25,0.00,26.08,0.00,0.00,73.67
1357495642,26,0.25,0.00,26.84,0.00,0.00,72.91
1357495643,27,0.51,0.00,26.46,0.00,0.00,73.03
1357495644,28,0.26,0.00,26.53,0.00,0.00,73.21
1357495645,29,0.51,0.00,26.90,0.00,0.00,72.59
1357495646,30,0.25,0.00,26.72,0.00,0.00,73.03
1357495647,31,0.51,0.00,26.65,4.82,0.00,68.02
1357495648,32,0.25,0.00,27.16,1.27,0.00,71.32
1357495649,33,0.25,0.00,26.72,0.00,0.00,73.03
1357495650,34,0.00,0.00,26.79,0.00,0.00,73.21
1357495651,35,0.51,0.00,26.46,0.00,0.00,73.03
1357495652,36,0.26,0.00,26.85,1.28,0.00,71.61
1357495653,37,0.26,0.00,26.79,0.00,0.00,72.96
1357495654,38,0.00,0.00,26.60,0.00,0.00,73.40
1357495655,39,0.51,0.00,26.53,0.00,0.00,72.96
1357495656,40,0.25,0.00,27.09,0.00,0.00,72.66
1357495657,41,0.25,0.00,26.65,1.52,0.00,71.57
1357495658,42,0.25,0.00,26.90,0.00,0.00,72.84
1357495659,43,0.26,0.00,26.53,0.00,0.00,73.21
1357495660,44,0.51,0.00,26.58,0.00,0.00,72.91
1357495661,45,0.26,0.00,26.34,0.00,0.00,73.40
1357495662,46,0.25,0.00,27.09,0.00,0.00,72.66
1357495663,47,0.25,0.00,26.72,0.00,0.00,73.03
1357495664,48,0.51,0.00,26.21,0.00,0.00,73.28
1357495665,49,0.26,0.00,26.53,0.00,0.00,73.21
1357495666,50,0.51,0.00,26.46,0.00,0.00,73.03
1357495667,51,0.51,0.00,26.40,1.27,0.00,71.83
1357495668,52,0.26,0.00,26.53,0.00,0.00,73.21
1357495669,53,0.76,0.00,26.33,0.00,0.00,72.91
1357495670,54,0.25,0.00,26.72,0.00,0.00,73.03
1357495671,55,0.51,0.00,26.58,0.00,0.00,72.91
1357495672,56,0.25,0.00,26.90,1.27,0.00,71.57
1357495673,57,0.51,0.00,26.46,0.00,0.00,73.03
1357495674,58,0.51,0.00,26.65,0.00,0.00,72.84
1357495675,59,0.00,0.00,26.97,0.00,0.00,73.03
1357495676,60,0.51,0.00,26.58,0.00,0.00,72.91
1357495677,61,0.25,0.00,27.09,1.27,0.00,71.39
1357495678,62,0.50,0.00,27.20,0.00,0.00,72.29
1357495679,63,0.00,0.00,26.46,0.00,0.00,73.54
1357495680,64,0.51,0.00,26.58,0.00,0.00,72.91
1357495681,65,0.51,0.00,26.40,0.00,0.00,73.10
1357495682,66,0.51,0.00,26.40,2.54,0.00,70.56
1357495683,67,0.00,0.00,26.90,0.00,0.00,73.10
1357495684,68,0.51,0.00,26.77,0.00,0.00,72.73
1357495685,69,0.25,0.00,27.02,0.00,0.00,72.73
1357495686,70,0.25,0.00,26.65,0.00,0.00,73.10
1357495687,71,0.25,0.00,26.58,1.52,0.00,71.65
1357495688,72,0.51,0.00,26.77,0.00,0.00,72.73
1357495689,73,0.51,0.00,26.21,0.00,0.00,73.28
1357495690,74,0.26,0.00,26.34,0.00,0.00,73.40
1357495691,75,0.25,0.00,26.40,0.00,0.00,73.35
1357495692,76,0.26,0.00,26.53,1.02,0.00,72.19
1357495693,77,0.51,0.00,26.40,0.00,0.00,73.10
1357495694,78,0.25,0.00,26.46,0.00,0.00,73.28
1357495695,79,0.25,0.00,26.46,0.00,0.00,73.28
1357495696,80,0.77,0.00,25.77,0.00,0.00,73.47
1357495697,81,0.51,0.00,26.40,1.52,0.00,71.57
1357495698,82,0.51,0.00,26.65,0.00,0.00,72.84
1357495699,83,0.26,0.00,26.28,0.00,0.00,73.47
1357495700,84,0.51,0.00,26.40,0.00,0.00,73.10
1357495701,85,0.25,0.00,26.21,0.00,0.00,73.54
1357495702,86,0.51,0.00,26.09,1.28,0.00,72.12
1357495703,87,0.51,0.00,26.40,0.00,0.00,73.10
1357495704,88,0.25,0.00,26.58,0.00,0.00,73.16
1357495705,89,0.51,0.00,26.46,0.00,0.00,73.03
1357495706,90,0.25,0.00,26.65,0.00,0.00,73.10
1357495707,91,0.25,0.00,26.65,1.52,0.00,71.57
1357495708,92,0.25,0.00,26.65,0.00,0.00,73.10
1357495709,93,0.51,0.00,26.40,0.00,0.00,73.10
1357495710,94,0.25,0.00,26.40,0.00,0.00,73.35
1357495711,95,0.25,0.00,26.65,0.00,0.00,73.10
1357495712,96,0.51,0.00,26.21,1.27,0.00,72.01
1357495713,97,0.25,0.00,26.40,0.00,0.00,73.35
1357495714,98,0.51,0.00,26.33,0.00,0.00,73.16
1357495715,99,0.26,0.00,26.28,0.00,0.00,73.47
1357495716,100,0.51,0.00,25.95,0.00,0.00,73.54
1357495717,101,0.25,0.00,26.65,1.27,0.00,71.83
1357495718,102,0.51,0.00,26.21,0.00,0.00,73.28
1357495719,103,0.25,0.00,26.58,0.00,0.00,73.16
1357495720,104,0.51,0.00,26.40,0.00,0.00,73.10
1357495721,105,0.25,0.00,26.65,0.00,0.00,73.10
1357495722,106,0.51,0.00,26.40,1.02,0.00,72.08
1357495723,107,0.51,0.00,26.40,0.00,0.00,73.10
1357495724,108,0.25,0.00,26.21,0.00,0.00,73.54
1357495725,109,0.51,0.00,26.40,0.00,0.00,73.10
1357495726,110,0.51,0.00,26.40,0.00,0.00,73.10
1357495727,111,0.25,0.00,26.65,1.27,0.00,71.83
1357495728,112,0.51,0.00,26.58,0.00,0.00,72.91
1357495729,113,0.00,0.00,26.65,0.00,0.00,73.35
1357495730,114,0.25,0.00,26.46,0.00,0.00,73.28
1357495731,115,0.51,0.00,26.33,0.00,0.00,73.16
1357495732,116,0.25,0.00,26.46,2.80,0.00,70.48
1357495733,117,0.51,0.00,26.33,0.00,0.00,73.16
1357495734,118,0.26,0.00,26.28,0.00,0.00,73.47
1357495735,119,0.51,0.00,26.33,0.00,0.00,73.16
1357495736,120,0.51,0.00,26.58,0.00,0.00,72.91
1357495737,121,0.51,0.00,26.14,0.51,0.00,72.84
1357495738,122,0.25,0.00,26.72,0.00,0.00,73.03
1357495739,123,0.25,0.00,26.65,0.00,0.00,73.10
1357495740,124,0.26,0.00,26.28,0.00,0.00,73.47
1357495741,125,0.51,0.00,26.84,0.00,0.00,72.66
1357495742,126,0.25,0.00,26.46,1.27,0.00,72.01
1357495743,127,0.25,0.00,26.72,0.00,0.00,73.03
1357495744,128,0.51,0.00,26.97,0.00,0.00,72.52
1357495745,129,0.26,0.00,27.04,0.00,0.00,72.70
1357495746,130,0.25,0.00,26.46,0.00,0.00,73.28
1357495747,131,0.51,0.00,26.40,3.81,0.00,69.29
1357495748,132,0.25,0.00,26.90,0.00,0.00,72.84
1357495749,133,0.51,0.00,26.58,0.00,0.00,72.91
1357495750,134,0.25,0.00,26.84,0.00,0.00,72.91
1357495751,135,0.26,0.00,26.53,0.00,0.00,73.21
1357495752,136,0.25,0.00,26.46,1.53,0.00,71.76
1357495753,137,0.25,0.00,26.84,0.00,0.00,72.91
1357495754,138,0.26,0.00,26.53,0.00,0.00,73.21
1357495755,139,0.51,0.00,26.72,0.00,0.00,72.77
1357495756,140,0.51,0.00,26.72,0.00,0.00,72.77
1357495757,141,0.26,0.00,27.30,0.00,0.00,72.45
1357495758,142,0.51,0.00,26.72,0.00,0.00,72.77
1357495759,143,0.77,0.00,27.06,0.00,0.00,72.16
1357495760,144,0.51,0.00,26.97,0.00,0.00,72.52
1357495761,145,0.52,0.00,26.77,0.00,0.00,72.70
1357495762,146,0.51,0.00,27.04,1.79,0.00,70.66
1357495763,147,0.51,0.00,26.53,0.00,0.00,72.96
1357495764,148,0.51,0.00,27.09,0.00,0.00,72.41
1357495765,149,0.51,0.00,26.34,0.00,0.00,73.15
1357495766,150,0.00,0.00,27.04,0.00,0.00,72.96
1357495767,151,0.51,0.00,26.65,0.25,0.00,72.59
1357495768,152,0.51,0.00,27.16,0.00,0.00,72.34
1357495769,153,0.25,0.00,25.95,1.27,0.00,72.52
1357495770,154,2.77,0.00,32.49,0.00,0.00,64.74
1357495771,155,3.78,0.00,31.99,0.00,0.00,64.23
1357495772,156,9.05,0.00,31.41,0.00,0.00,59.55
1357495773,157,9.77,0.00,31.08,0.00,0.00,59.15
1357495774,158,10.58,0.00,31.23,0.00,0.00,58.19
1357495775,159,8.06,0.00,29.72,0.00,0.00,62.22
1357495776,160,9.77,0.00,30.58,0.00,0.00,59.65
1357495777,161,10.55,0.00,30.40,2.01,0.00,57.04
1357495778,162,12.56,0.00,30.15,0.00,0.00,57.29
1357495779,163,12.06,0.00,30.90,0.00,0.00,57.04
1357495780,164,4.80,0.00,25.76,0.00,0.00,69.44
1357495781,165,3.02,0.00,23.68,0.00,0.00,73.30
1357495782,166,3.81,0.00,22.84,2.54,0.00,70.81
1357495783,167,2.49,0.00,24.19,0.00,0.00,73.32
1357495784,168,3.80,0.00,23.29,0.00,0.00,72.91
1357495785,169,3.00,0.00,24.75,0.00,0.00,72.25
1357495786,170,5.32,0.00,23.80,0.00,0.00,70.89
1357495787,171,2.76,0.00,24.06,1.25,0.00,71.93
1357495788,172,5.06,0.00,24.30,0.00,0.00,70.63
1357495789,173,3.25,0.00,25.50,0.00,0.00,71.25
1357495790,174,6.63,0.00,24.74,0.00,0.00,68.62
1357495791,175,0.50,0.00,26.20,0.00,0.00,73.30
1357495792,176,0.76,0.00,26.45,1.26,0.00,71.54
1357495793,177,0.51,0.00,26.14,0.00,0.00,73.35
1357495794,178,0.51,0.00,26.33,0.00,0.00,73.16
1357495795,179,0.76,0.00,26.26,0.00,0.00,72.98
1357495796,180,0.50,0.00,26.20,0.00,0.00,73.30
1357495797,181,0.76,0.00,26.33,1.01,0.00,71.90
1357495798,182,0.25,0.00,26.84,0.00,0.00,72.91
1357495799,183,1.01,0.00,26.20,0.00,0.00,72.80
1357495800,184,0.25,0.00,26.58,0.00,0.00,73.16
1357495801,185,0.50,0.00,26.63,0.00,0.00,72.86
1357495802,186,0.76,0.00,26.20,1.51,0.00,71.54
1357495803,187,0.25,0.00,26.58,0.00,0.00,73.16
1357495804,188,0.76,0.00,26.45,0.00,0.00,72.80
1357495805,189,0.00,0.00,25.94,0.00,0.00,74.06
1357495806,190,0.25,0.00,26.13,0.00,0.00,73.62
1357495807,191,0.25,0.00,26.01,1.26,0.00,72.47
1357495808,192,0.25,0.00,25.82,0.00,0.00,73.92
1357495809,193,0.25,0.00,26.13,0.00,0.00,73.62
1357495810,194,0.25,0.00,26.38,0.00,0.00,73.37
1357495811,195,0.25,0.00,26.13,0.00,0.00,73.62
1357495812,196,0.25,0.00,26.01,1.01,0.00,72.73
1357495813,197,0.25,0.00,26.20,0.00,0.00,73.55
1357495814,198,0.00,0.00,26.20,0.00,0.00,73.80
1357495815,199,0.25,0.00,26.20,0.00,0.00,73.55
1357495816,200,0.25,0.00,26.13,0.00,0.00,73.62
1357495817,201,0.25,0.00,25.94,1.26,0.00,72.54
1357495818,202,0.25,0.00,26.20,0.00,0.00,73.55
1357495819,203,0.25,0.00,27.20,0.00,0.00,72.54
1357495820,204,0.26,0.00,26.53,0.00,0.00,73.21
1357495821,205,0.51,0.00,26.65,0.00,0.00,72.84
1357495822,206,0.25,0.00,26.72,0.00,0.00,73.03
1357495823,207,0.00,0.00,26.79,0.00,0.00,73.21
1357495824,208,0.25,0.00,26.65,0.00,0.00,73.10
1357495825,209,0.25,0.00,26.65,0.00,0.00,73.10
1357495826,210,0.51,0.00,26.77,0.00,0.00,72.73
1357495827,211,0.00,0.00,26.84,3.04,0.00,70.13
1357495828,212,0.25,0.00,26.72,0.00,0.00,73.03
1357495829,213,0.25,0.00,26.77,0.00,0.00,72.98
1357495830,214,0.25,0.00,26.58,0.00,0.00,73.16
1357495831,215,0.25,0.00,26.65,0.00,0.00,73.10
1357495832,216,0.25,0.00,26.65,2.54,0.00,70.56
1357495833,217,0.25,0.00,27.02,0.00,0.00,72.73
1357495834,218,0.25,0.00,26.84,0.00,0.00,72.91
1357495835,219,0.51,0.00,26.58,0.00,0.00,72.91
1357495836,220,0.25,0.00,26.72,0.00,0.00,73.03
1357495837,221,0.25,0.00,26.84,1.27,0.00,71.65
1357495838,222,0.51,0.00,26.84,0.00,0.00,72.66
1357495839,223,0.25,0.00,26.84,0.00,0.00,72.91
1357495840,224,0.51,0.00,26.84,0.00,0.00,72.66
1357495841,225,0.51,0.00,26.77,0.00,0.00,72.73
1357495842,226,0.25,0.00,26.84,1.27,0.00,71.65
1357495843,227,0.51,0.00,26.40,0.00,0.00,73.10
1357495844,228,0.25,0.00,26.72,0.00,0.00,73.03
1357495845,229,0.51,0.00,26.84,0.00,0.00,72.66
1357495846,230,0.25,0.00,27.09,0.00,0.00,72.66
1357495847,231,0.51,0.00,26.65,1.02,0.00,71.83
1357495848,232,0.25,0.00,26.65,0.00,0.00,73.10
1357495849,233,0.50,0.00,26.95,0.00,0.00,72.54
1357495850,234,0.26,0.00,26.53,0.00,0.00,73.21
1357495851,235,0.25,0.00,26.72,0.00,0.00,73.03
1357495852,236,0.50,0.00,27.14,1.26,0.00,71.11
1357495853,237,0.25,0.00,26.90,0.00,0.00,72.84
1357495854,238,0.25,0.00,27.27,0.00,0.00,72.47
1357495855,239,0.25,0.00,26.90,0.00,0.00,72.84
1357495856,240,0.25,0.00,27.20,0.00,0.00,72.54
1357495857,241,0.51,0.00,26.90,1.02,0.00,71.57
1357495858,242,0.51,0.00,27.27,0.00,0.00,72.22
1357495859,243,0.25,0.00,27.09,0.00,0.00,72.66
1357495860,244,0.51,0.00,26.84,0.00,0.00,72.66
1357495861,245,0.25,0.00,26.90,0.00,0.00,72.84
1357495862,246,0.25,0.00,26.90,1.27,0.00,71.57
1357495863,247,0.51,0.00,27.02,0.00,0.00,72.47
1357495864,248,0.26,0.00,26.53,0.00,0.00,73.21
1357495865,249,0.51,0.00,26.58,0.00,0.00,72.91
1357495866,250,0.51,0.00,26.58,0.00,0.00,72.91
1357495867,251,0.25,0.00,26.84,1.52,0.00,71.39
1357495868,252,0.25,0.00,26.84,0.00,0.00,72.91
1357495869,253,0.51,0.00,26.77,0.00,0.00,72.73
1357495870,254,0.26,0.00,26.28,0.00,0.00,73.47
1357495871,255,0.51,0.00,26.65,0.00,0.00,72.84
1357495872,256,0.25,0.00,26.65,1.27,0.00,71.83
1357495873,257,0.51,0.00,26.77,0.00,0.00,72.73
1357495874,258,0.51,0.00,26.77,0.00,0.00,72.73
1357495875,259,0.51,0.00,26.58,0.00,0.00,72.91
1357495876,260,0.51,0.00,26.46,0.00,0.00,73.03
1357495877,261,0.51,0.00,26.58,1.52,0.00,71.39
1357495878,262,0.25,0.00,26.72,0.00,0.00,73.03
1357495879,263,0.51,0.00,26.58,0.00,0.00,72.91
1357495880,264,0.25,0.00,26.84,0.00,0.00,72.91
1357495881,265,0.25,0.00,26.95,0.00,0.00,72.80
1357495882,266,0.25,0.00,26.90,2.54,0.00,70.30
1357495883,267,0.51,0.00,26.77,0.00,0.00,72.73
1357495884,268,0.00,0.00,26.97,0.00,0.00,73.03
1357495885,269,0.25,0.00,26.84,0.00,0.00,72.91
1357495886,270,0.51,0.00,26.40,0.00,0.00,73.10
1357495887,271,0.25,0.00,27.09,1.27,0.00,71.39
1357495888,272,0.51,0.00,26.58,0.00,0.00,72.91
1357495889,273,0.25,0.00,26.65,0.00,0.00,73.10
1357495890,274,0.25,0.00,26.65,0.00,0.00,73.10
1357495891,275,0.25,0.00,26.46,0.00,0.00,73.28
1357495892,276,0.51,0.00,26.65,1.02,0.00,71.83
1357495893,277,0.25,0.00,26.58,0.00,0.00,73.16
1357495894,278,0.25,0.00,26.72,0.00,0.00,73.03
1357495895,279,0.51,0.00,26.58,0.00,0.00,72.91
1357495896,280,0.51,0.00,25.83,0.00,0.00,73.66
1357495897,281,0.76,0.00,26.26,0.25,0.00,72.73
1357495898,282,0.76,0.00,26.40,0.00,0.00,72.84
1357495899,283,0.76,0.00,26.33,0.00,0.00,72.91
1357495900,284,0.76,0.00,26.40,0.00,0.00,72.84
1357495901,285,0.76,0.00,26.40,0.00,0.00,72.84
1357495902,286,0.76,0.00,26.14,0.25,0.00,72.84
1357495903,287,0.51,0.00,26.46,0.00,0.00,73.03
1357495904,288,0.76,0.00,26.33,0.00,0.00,72.91
1357495905,289,0.76,0.00,26.08,0.00,0.00,73.16
1357495906,290,1.02,0.00,26.14,0.00,0.00,72.84
1357495907,291,1.01,0.00,25.82,1.27,0.00,71.90
1357495908,292,0.51,0.00,26.02,0.00,0.00,73.47
1357495909,293,0.51,0.00,26.21,0.00,0.00,73.28
1357495910,294,0.51,0.00,26.40,0.00,0.00,73.10
1357495911,295,0.51,0.00,26.33,0.00,0.00,73.16
1357495912,296,1.01,0.00,26.01,1.26,0.00,71.72
1357495913,297,0.76,0.00,26.14,0.00,0.00,73.10
1357495914,298,0.26,0.00,26.28,0.00,0.00,73.47
1357495915,299,1.02,0.00,25.95,0.00,0.00,73.03
1357495916,300,0.76,0.00,26.33,0.00,0.00,72.91
1357495917,301,0.76,0.00,26.52,0.00,0.00,72.73
1357495918,302,0.51,0.00,25.90,0.00,0.00,73.59
1357495919,303,0.51,0.00,26.21,0.00,0.00,73.28
1357495920,304,0.77,0.00,25.83,0.00,0.00,73.40
1357495921,305,1.02,0.00,25.89,0.00,0.00,73.10
1357495922,306,0.76,0.00,26.33,1.27,0.00,71.65
1357495923,307,0.51,0.00,26.02,0.00,0.00,73.47
1357495924,308,0.76,0.00,26.14,0.00,0.00,73.10
1357495925,309,0.51,0.00,26.58,0.00,0.00,72.91
1357495926,310,0.76,0.00,26.21,0.00,0.00,73.03
1357495927,311,0.51,0.00,26.40,1.52,0.00,71.57
1357495928,312,0.51,0.00,26.21,0.00,0.00,73.28
1357495929,313,0.51,0.00,26.02,0.00,0.00,73.47
1357495930,314,0.51,0.00,25.90,0.00,0.00,73.59
1357495931,315,0.51,0.00,26.58,0.00,0.00,72.91
1357495932,316,0.51,0.00,26.46,2.80,0.00,70.23
1357495933,317,0.51,0.00,26.40,0.00,0.00,73.10
1357495934,318,0.76,0.00,26.58,0.00,0.00,72.66
1357495935,319,0.25,0.00,26.72,0.00,0.00,73.03
1357495936,320,0.51,0.00,26.84,0.00,0.00,72.66
1357495937,321,0.51,0.00,26.09,1.53,0.00,71.87
1357495938,322,0.51,0.00,26.46,0.00,0.00,73.03
1357495939,323,0.76,0.00,26.14,0.00,0.00,73.10
1357495940,324,0.51,0.00,26.09,0.00,0.00,73.40
1357495941,325,0.51,0.00,25.83,0.00,0.00,73.66
1357495942,326,0.76,0.00,26.33,1.27,0.00,71.65
1357495943,327,0.51,0.00,26.77,0.00,0.00,72.73
1357495944,328,2.76,0.00,33.17,0.00,0.00,64.07
1357495945,329,6.28,0.00,30.65,0.00,0.00,63.07
1357495946,330,11.06,0.00,29.40,0.00,0.00,59.55
1357495947,331,12.06,0.00,29.90,1.51,0.00,56.53
1357495948,332,13.10,0.00,28.21,0.00,0.00,58.69
1357495949,333,7.29,0.00,29.65,0.00,0.00,63.07
1357495950,334,11.06,0.00,29.90,0.00,0.00,59.05
1357495951,335,13.03,0.00,29.32,0.00,0.00,57.64
1357495952,336,12.88,0.00,29.29,1.01,0.00,56.82
1357495953,337,8.31,0.00,26.20,0.00,0.00,65.49
1357495954,338,9.34,0.00,25.76,0.00,0.00,64.90
1357495955,339,10.58,0.00,27.96,0.00,0.00,61.46
1357495956,340,12.81,0.00,28.14,0.00,0.00,59.05
1357495957,341,14.11,0.00,29.22,1.26,0.00,55.42
1357495958,342,16.16,0.00,28.03,0.00,0.00,55.81
1357495959,343,15.66,0.00,26.52,0.00,0.00,57.83
1357495960,344,10.83,0.00,28.46,0.00,0.00,60.71
1357495961,345,11.08,0.00,25.69,0.00,0.00,63.22
1357495962,346,1.26,0.00,25.76,1.52,0.00,71.46
1357495963,347,1.51,0.00,25.69,0.00,0.00,72.80
1357495964,348,1.26,0.00,25.76,0.00,0.00,72.98
1357495965,349,1.27,0.00,24.94,0.00,0.00,73.79
1357495966,350,1.52,0.00,24.87,0.00,0.00,73.60
1357495967,351,1.02,0.00,25.45,1.27,0.00,72.26
1357495968,352,1.27,0.00,25.45,0.00,0.00,73.28
1357495969,353,1.02,0.00,25.45,0.00,0.00,73.54
1357495970,354,1.02,0.00,25.26,0.00,0.00,73.72
1357495971,355,1.01,0.00,26.20,0.00,0.00,72.80
1357495972,356,1.26,0.00,25.94,1.26,0.00,71.54
1357495973,357,1.51,0.00,25.88,0.00,0.00,72.61
1357495974,358,1.26,0.00,25.76,0.00,0.00,72.98
1357495975,359,0.76,0.00,25.76,0.00,0.00,73.48
1357495976,360,0.51,0.00,26.01,0.00,0.00,73.48
1357495977,361,0.50,0.00,25.88,0.25,0.00,73.37
1357495978,362,0.51,0.00,26.01,0.00,0.00,73.48
1357495979,363,0.50,0.00,26.20,0.00,0.00,73.30
1357495980,364,0.50,0.00,26.38,0.00,0.00,73.12
1357495981,365,0.25,0.00,26.08,0.00,0.00,73.67
1357495982,366,0.76,0.00,25.94,2.27,0.00,71.03
1357495983,367,0.25,0.00,25.94,0.00,0.00,73.80
1357495984,368,0.25,0.00,26.08,0.00,0.00,73.67
1357495985,369,0.25,0.00,26.45,0.00,0.00,73.30
1357495986,370,0.25,0.00,26.38,0.00,0.00,73.37
1357495987,371,0.51,0.00,26.08,1.01,0.00,72.41
1357495988,372,0.50,0.00,26.38,0.00,0.00,73.12
1357495989,373,0.76,0.00,25.76,0.00,0.00,73.48
1357495990,374,0.51,0.00,26.46,0.00,0.00,73.03
1357495991,375,0.51,0.00,26.28,0.00,0.00,73.21
1357495992,376,0.25,0.00,26.97,1.27,0.00,71.50
1357495993,377,0.76,0.00,26.52,0.00,0.00,72.73
1357495994,378,0.26,0.00,26.09,0.00,0.00,73.66
1357495995,379,0.51,0.00,26.21,0.00,0.00,73.28
1357495996,380,0.51,0.00,26.46,0.00,0.00,73.03
1357495997,381,0.51,0.00,26.40,1.52,0.00,71.57
1357495998,382,0.51,0.00,26.21,0.00,0.00,73.28
1357495999,383,1.01,0.00,26.20,0.00,0.00,72.80
1357496000,384,0.76,0.00,26.33,0.00,0.00,72.91
1357496001,385,0.25,0.00,26.46,0.00,0.00,73.28
1357496002,386,0.76,0.00,26.58,1.52,0.00,71.14
1357496003,387,0.51,0.00,26.77,0.00,0.00,72.73
1357496004,388,0.51,0.00,25.90,0.00,0.00,73.59
1357496005,389,0.51,0.00,26.21,0.00,0.00,73.28
1357496006,390,1.02,0.00,26.14,0.00,0.00,72.84
1357496007,391,0.51,0.00,25.83,4.09,0.00,69.57
1357496008,392,0.51,0.00,26.09,0.00,0.00,73.40
1357496009,393,0.76,0.00,25.95,0.00,0.00,73.28
1357496010,394,1.01,0.00,26.52,0.00,0.00,72.47
1357496011,395,0.76,0.00,25.95,0.00,0.00,73.28
1357496012,396,0.77,0.00,25.90,0.26,0.00,73.08
1357496013,397,0.51,0.00,26.28,0.00,0.00,73.21
1357496014,398,0.51,0.00,26.21,0.00,0.00,73.28
1357496015,399,0.77,0.00,25.64,0.00,0.00,73.59
1357496016,400,0.51,0.00,26.09,0.00,0.00,73.40
1357496017,401,0.51,0.00,26.21,1.27,0.00,72.01
1357496018,402,0.77,0.00,26.02,0.00,0.00,73.21
1357496019,403,0.76,0.00,26.40,0.00,0.00,72.84
1357496020,404,0.51,0.00,26.02,0.00,0.00,73.47
1357496021,405,0.51,0.00,26.28,0.00,0.00,73.21
1357496022,406,0.76,0.00,26.58,1.27,0.00,71.39
1357496023,407,0.51,0.00,26.65,0.00,0.00,72.84
1357496024,408,0.76,0.00,25.95,0.00,0.00,73.28
1357496025,409,0.77,0.00,26.28,0.00,0.00,72.96
1357496026,410,0.51,0.00,26.40,0.00,0.00,73.10
1357496027,411,0.51,0.00,26.28,1.02,0.00,72.19
1357496028,412,0.25,0.00,26.97,0.00,0.00,72.77
1357496029,413,0.51,0.00,26.09,0.00,0.00,73.40
1357496030,414,0.77,0.00,25.77,0.00,0.00,73.47
1357496031,415,0.76,0.00,26.40,0.00,0.00,72.84
1357496032,416,0.51,0.00,26.21,2.29,0.00,70.99
1357496033,417,0.51,0.00,26.46,0.00,0.00,73.03
1357496034,418,0.51,0.00,26.72,0.00,0.00,72.77
1357496035,419,0.76,0.00,25.70,0.00,0.00,73.54
1357496036,420,0.51,0.00,26.40,0.00,0.00,73.10
1357496037,421,1.02,0.00,25.77,1.28,0.00,71.94
1357496038,422,0.77,0.00,25.83,0.00,0.00,73.40
1357496039,423,0.51,0.00,26.02,0.00,0.00,73.47
1357496040,424,0.76,0.00,26.14,0.00,0.00,73.10
1357496041,425,1.78,0.00,25.38,0.00,0.00,72.84
1357496042,426,0.76,0.00,26.52,1.52,0.00,71.21
1357496043,427,0.51,0.00,26.21,0.00,0.00,73.28
1357496044,428,0.76,0.00,26.21,0.00,0.00,73.03
1357496045,429,0.51,0.00,26.46,0.00,0.00,73.03
1357496046,430,0.51,0.00,26.21,0.00,0.00,73.28
1357496047,431,0.77,0.00,26.02,1.28,0.00,71.94
1357496048,432,0.77,0.00,26.02,0.00,0.00,73.21
1357496049,433,0.76,0.00,25.95,0.00,0.00,73.28
1357496050,434,0.76,0.00,26.21,0.00,0.00,73.03
1357496051,435,1.01,0.00,26.45,0.00,0.00,72.54
1357496052,436,0.76,0.00,26.33,1.27,0.00,71.65
1357496053,437,0.76,0.00,26.33,0.00,0.00,72.91
1357496054,438,0.51,0.00,26.21,0.00,0.00,73.28
1357496055,439,0.26,0.00,26.15,0.00,0.00,73.59
1357496056,440,0.76,0.00,26.14,0.00,0.00,73.10
1357496057,441,0.76,0.00,25.95,1.53,0.00,71.76
1357496058,442,1.01,0.00,26.08,0.00,0.00,72.91
1357496059,443,0.25,0.00,27.20,0.00,0.00,72.54
1357496060,444,0.76,0.00,26.70,0.00,0.00,72.54
1357496061,445,0.25,0.00,26.84,0.00,0.00,72.91
1357496062,446,0.51,0.00,26.58,1.52,0.00,71.39
1357496063,447,0.26,0.00,26.09,0.00,0.00,73.66
1357496064,448,0.51,0.00,26.21,0.00,0.00,73.28
1357496065,449,0.51,0.00,26.40,0.00,0.00,73.10
1357496066,450,0.51,0.00,26.40,0.00,0.00,73.10
1357496067,451,0.51,0.00,26.40,1.52,0.00,71.57
1357496068,452,0.26,0.00,26.15,0.00,0.00,73.59
1357496069,453,1.01,0.00,26.26,0.00,0.00,72.73
1357496070,454,0.51,0.00,26.21,0.00,0.00,73.28
1357496071,455,0.51,0.00,26.02,0.00,0.00,73.47
1357496072,456,0.51,0.00,26.21,1.27,0.00,72.01
1357496073,457,0.51,0.00,26.02,0.00,0.00,73.47
1357496074,458,0.51,0.00,26.40,0.00,0.00,73.10
1357496075,459,0.51,0.00,26.33,0.00,0.00,73.16
1357496076,460,0.51,0.00,26.65,0.00,0.00,72.84
1357496077,461,0.51,0.00,26.14,1.02,0.00,72.34
1357496078,462,1.02,0.00,25.95,0.00,0.00,73.03
1357496079,463,0.76,0.00,26.26,0.00,0.00,72.98
1357496080,464,0.51,0.00,26.77,0.00,0.00,72.73
1357496081,465,0.51,0.00,26.52,0.00,0.00,72.98
1357496082,466,0.76,0.00,26.52,2.53,0.00,70.20
1357496083,467,0.25,0.00,26.84,0.00,0.00,72.91
1357496084,468,0.51,0.00,26.84,0.00,0.00,72.66
1357496085,469,1.01,0.00,26.26,0.00,0.00,72.73
1357496086,470,0.25,0.00,26.65,0.00,0.00,73.10
1357496087,471,0.77,0.00,25.77,1.28,0.00,72.19
1357496088,472,0.51,0.00,26.02,0.00,0.00,73.47
1357496089,473,0.76,0.00,26.14,0.00,0.00,73.10
1357496090,474,0.51,0.00,26.02,0.00,0.00,73.47
1357496091,475,0.51,0.00,25.83,0.00,0.00,73.66
1357496092,476,0.51,0.00,26.77,1.26,0.00,71.46
1357496093,477,0.51,0.00,25.83,0.00,0.00,73.66
1357496094,478,0.76,0.00,26.52,0.00,0.00,72.73
1357496095,479,0.51,0.00,26.09,0.00,0.00,73.40
1357496096,480,0.26,0.00,26.02,0.00,0.00,73.72
1357496097,481,0.51,0.00,26.21,1.27,0.00,72.01
1357496098,482,0.51,0.00,26.84,0.00,0.00,72.66
1357496099,483,0.76,0.00,26.52,0.00,0.00,72.73
1357496100,484,0.51,0.00,26.65,0.00,0.00,72.84
1357496101,485,0.51,0.00,26.77,0.00,0.00,72.73
1357496102,486,0.51,0.00,26.65,1.27,0.00,71.57
1357496103,487,0.51,0.00,26.77,0.00,0.00,72.73
1357496104,488,0.51,0.00,26.58,0.00,0.00,72.91
1357496105,489,0.51,0.00,25.95,0.00,0.00,73.54
1357496106,490,0.51,0.00,26.28,0.00,0.00,73.21
1357496107,491,0.51,0.00,26.21,1.02,0.00,72.26
1357496108,492,0.25,0.00,26.90,0.00,0.00,72.84
1357496109,493,0.51,0.00,25.95,0.00,0.00,73.54
1357496110,494,0.51,0.00,26.40,0.00,0.00,73.10
1357496111,495,0.51,0.00,26.46,0.00,0.00,73.03
1357496112,496,0.51,0.00,26.08,1.27,0.00,72.15
1357496113,497,2.51,0.00,32.91,0.00,0.00,64.57
1357496114,498,4.52,0.00,31.91,0.00,0.00,63.57
1357496115,499,10.10,0.00,30.56,0.00,0.00,59.34
1357496116,500,10.83,0.00,30.48,0.00,0.00,58.69
1357496117,501,14.11,0.00,28.97,1.26,0.00,55.67
1357496118,502,7.30,0.00,28.72,0.00,0.00,63.98
1357496119,503,11.31,0.00,29.40,0.00,0.00,59.30
1357496120,504,11.59,0.00,30.48,0.00,0.00,57.93
1357496121,505,11.03,0.00,28.82,0.00,0.00,60.15
1357496122,506,10.08,0.00,26.20,1.51,0.00,62.22
1357496123,507,8.79,0.00,23.12,0.00,0.00,68.09
1357496124,508,2.76,0.00,23.06,0.00,0.00,74.19
1357496125,509,5.04,0.00,22.67,0.00,0.00,72.29
1357496126,510,2.51,0.00,23.31,0.00,0.00,74.19
1357496127,511,5.54,0.00,24.18,1.51,0.00,68.77
1357496128,512,3.01,0.00,23.31,0.00,0.00,73.68
1357496129,513,5.81,0.00,24.49,0.00,0.00,69.70
1357496130,514,3.78,0.00,22.67,0.00,0.00,73.55
1357496131,515,6.52,0.00,24.31,0.00,0.00,69.17
1357496132,516,3.52,0.00,22.61,0.25,0.00,73.62
1357496133,517,6.82,0.00,22.98,0.00,0.00,70.20
1357496134,518,1.01,0.00,26.01,0.00,0.00,72.98
1357496135,519,1.01,0.00,25.82,0.00,0.00,73.16
1357496136,520,0.76,0.00,26.26,0.00,0.00,72.98
1357496137,521,1.01,0.00,25.82,1.01,0.00,72.15
1357496138,522,1.27,0.00,25.57,0.00,0.00,73.16
1357496139,523,1.26,0.00,25.94,0.00,0.00,72.80
1357496140,524,0.76,0.00,26.01,0.00,0.00,73.23
1357496141,525,1.01,0.00,25.82,0.00,0.00,73.16
1357496142,526,1.27,0.00,25.32,1.27,0.00,72.15
1357496143,527,0.76,0.00,25.89,0.00,0.00,73.35
1357496144,528,1.26,0.00,25.94,0.00,0.00,72.80
1357496145,529,1.26,0.00,25.76,0.00,0.00,72.98
1357496146,530,1.02,0.00,25.63,0.00,0.00,73.35
1357496147,531,0.76,0.00,25.76,1.26,0.00,72.22
1357496148,532,0.25,0.00,26.13,0.00,0.00,73.62
1357496149,533,0.25,0.00,26.13,0.00,0.00,73.62
1357496150,534,0.50,0.00,26.07,0.00,0.00,73.43
1357496151,535,0.76,0.00,25.69,0.00,0.00,73.55
1357496152,536,0.25,0.00,25.76,1.01,0.00,72.98
1357496153,537,0.50,0.00,26.32,0.00,0.00,73.18
1357496154,538,0.00,0.00,26.26,0.00,0.00,73.74
1357496155,539,0.50,0.00,26.32,0.00,0.00,73.18
1357496156,540,0.25,0.00,25.76,0.00,0.00,73.99
1357496157,541,0.25,0.00,26.20,1.26,0.00,72.29
1357496158,542,0.25,0.00,26.20,0.00,0.00,73.55
1357496159,543,0.25,0.00,26.20,0.00,0.00,73.55
1357496160,544,0.50,0.00,25.88,0.00,0.00,73.62
1357496161,545,0.51,0.00,26.08,0.00,0.00,73.42
1357496162,546,0.25,0.00,26.72,1.27,0.00,71.76
1357496163,547,0.51,0.00,27.09,0.00,0.00,72.41
1357496164,548,0.26,0.00,26.34,0.00,0.00,73.40
1357496165,549,0.51,0.00,26.28,0.00,0.00,73.21
1357496166,550,0.51,0.00,27.02,0.00,0.00,72.47
1357496167,551,0.51,0.00,26.28,1.28,0.00,71.94
1357496168,552,0.25,0.00,27.09,0.00,0.00,72.66
1357496169,553,0.51,0.00,26.65,0.00,0.00,72.84
1357496170,554,0.25,0.00,26.46,0.00,0.00,73.28
1357496171,555,0.51,0.00,26.58,0.00,0.00,72.91
1357496172,556,0.51,0.00,26.77,1.26,0.00,71.46
1357496173,557,0.51,0.00,26.58,0.00,0.00,72.91
1357496174,558,0.51,0.00,26.14,0.00,0.00,73.35
1357496175,559,0.51,0.00,26.58,0.00,0.00,72.91
1357496176,560,0.51,0.00,26.40,0.00,0.00,73.10
1357496177,561,0.50,0.00,26.95,1.01,0.00,71.54
1357496178,562,0.51,0.00,26.65,0.00,0.00,72.84
1357496179,563,0.51,0.00,26.28,0.00,0.00,73.21
1357496180,564,0.51,0.00,26.28,0.00,0.00,73.21
1357496181,565,0.51,0.00,26.58,0.00,0.00,72.91
1357496182,566,0.51,0.00,26.46,2.80,0.00,70.23
1357496183,567,0.76,0.00,26.40,0.00,0.00,72.84
1357496184,568,0.51,0.00,26.21,0.00,0.00,73.28
1357496185,569,0.51,0.00,26.65,0.00,0.00,72.84
1357496186,570,0.51,0.00,26.58,0.00,0.00,72.91
1357496187,571,0.76,0.00,26.52,1.52,0.00,71.21
1357496188,572,0.51,0.00,26.84,0.00,0.00,72.66
1357496189,573,0.76,0.00,26.14,0.00,0.00,73.10
1357496190,574,0.51,0.00,26.65,0.00,0.00,72.84
1357496191,575,0.51,0.00,26.58,0.00,0.00,72.91
1357496192,576,0.51,0.00,26.65,1.02,0.00,71.83
1357496193,577,0.76,0.00,26.21,0.00,0.00,73.03
1357496194,578,0.26,0.00,26.53,0.00,0.00,73.21
1357496195,579,0.51,0.00,27.02,0.00,0.00,72.47
1357496196,580,0.51,0.00,27.02,0.00,0.00,72.47
1357496197,581,0.51,0.00,27.02,1.26,0.00,71.21
1357496198,582,0.26,0.00,26.67,0.00,0.00,73.08
1357496199,583,0.51,0.00,26.65,0.00,0.00,72.84
1357496200,584,0.50,0.00,27.14,0.00,0.00,72.36
1357496201,585,0.26,0.00,26.41,0.00,0.00,73.33
1357496202,586,0.51,0.00,26.72,2.29,0.00,70.48
1357496203,587,0.26,0.00,26.34,0.00,0.00,73.40
1357496204,588,0.76,0.00,26.77,0.00,0.00,72.47
1357496205,589,0.26,0.00,26.41,0.00,0.00,73.33
1357496206,590,0.50,0.00,26.95,0.00,0.00,72.54
1357496207,591,0.25,0.00,26.58,1.27,0.00,71.90
1357496208,592,0.51,0.00,26.46,0.00,0.00,73.03
1357496209,593,0.51,0.00,26.02,0.00,0.00,73.47
1357496210,594,0.51,0.00,26.40,0.00,0.00,73.10
1357496211,595,0.26,0.00,26.28,0.00,0.00,73.47
1357496212,596,0.25,0.00,26.72,1.53,0.00,71.50
1357496213,597,0.51,0.00,26.21,0.00,0.00,73.28
1357496214,598,0.76,0.00,26.58,0.00,0.00,72.66
1357496215,599,0.51,0.00,26.02,0.00,0.00,73.47
1357496216,600,0.51,0.00,26.40,0.00,0.00,73.10
1357496217,601,0.26,0.00,26.28,1.02,0.00,72.45
1357496218,602,0.76,0.00,26.40,0.00,0.00,72.84
1357496219,603,0.25,0.00,26.65,0.00,0.00,73.10
1357496220,604,0.51,0.00,26.65,0.00,0.00,72.84
1357496221,605,0.50,0.00,26.95,0.00,0.00,72.54
1357496222,606,1.01,0.00,26.45,1.26,0.00,71.28
1357496223,607,0.25,0.00,26.58,0.00,0.00,73.16
1357496224,608,0.51,0.00,26.84,0.00,0.00,72.66
1357496225,609,0.76,0.00,26.33,0.00,0.00,72.91
1357496226,610,0.76,0.00,26.14,0.00,0.00,73.10
1357496227,611,0.51,0.00,26.28,1.02,0.00,72.19
1357496228,612,0.51,0.00,26.21,0.00,0.00,73.28
1357496229,613,0.76,0.00,26.45,0.00,0.00,72.80
1357496230,614,0.25,0.00,26.58,0.00,0.00,73.16
1357496231,615,0.51,0.00,26.21,0.00,0.00,73.28
1357496232,616,0.51,0.00,26.33,2.78,0.00,70.38
1357496233,617,0.51,0.00,26.40,0.00,0.00,73.10
1357496234,618,0.26,0.00,26.28,0.00,0.00,73.47
1357496235,619,0.25,0.00,26.84,0.00,0.00,72.91
1357496236,620,0.76,0.00,26.08,0.00,0.00,73.16
1357496237,621,0.25,0.00,26.46,1.27,0.00,72.01
1357496238,622,0.25,0.00,26.84,0.00,0.00,72.91
1357496239,623,0.51,0.00,26.40,0.00,0.00,73.10
1357496240,624,0.76,0.00,26.58,0.00,0.00,72.66
1357496241,625,0.76,0.00,26.70,0.00,0.00,72.54
1357496242,626,0.51,0.00,26.46,1.27,0.00,71.76
1357496243,627,0.25,0.00,27.02,0.00,0.00,72.73
1357496244,628,0.26,0.00,26.28,0.00,0.00,73.47
1357496245,629,0.76,0.00,25.95,0.00,0.00,73.28
1357496246,630,0.51,0.00,26.58,0.00,0.00,72.91
1357496247,631,0.51,0.00,26.58,1.52,0.00,71.39
1357496248,632,0.51,0.00,26.65,0.00,0.00,72.84
1357496249,633,0.51,0.00,26.33,0.00,0.00,73.16
1357496250,634,0.51,0.00,26.77,0.00,0.00,72.73
1357496251,635,0.51,0.00,26.58,0.00,0.00,72.91
1357496252,636,0.51,0.00,26.77,1.26,0.00,71.46
1357496253,637,0.51,0.00,26.14,0.00,0.00,73.35
1357496254,638,0.51,0.00,26.40,0.00,0.00,73.10
1357496255,639,0.25,0.00,26.46,0.00,0.00,73.28
1357496256,640,0.51,0.00,26.77,0.00,0.00,72.73
1357496257,641,0.25,0.00,27.27,1.26,0.00,71.21
1357496258,642,0.25,0.00,26.84,0.00,0.00,72.91
1357496259,643,0.25,0.00,26.84,0.00,0.00,72.91
1357496260,644,0.51,0.00,26.58,0.00,0.00,72.91
1357496261,645,0.25,0.00,26.84,0.00,0.00,72.91
1357496262,646,0.25,0.00,26.77,1.01,0.00,71.97
1357496263,647,0.26,0.00,26.53,0.00,0.00,73.21
1357496264,648,0.25,0.00,27.02,0.00,0.00,72.73
1357496265,649,0.25,0.00,26.84,0.00,0.00,72.91
1357496266,650,0.25,0.00,26.84,0.00,0.00,72.91
1357496267,651,0.25,0.00,26.65,1.27,0.00,71.83
1357496268,652,0.51,0.00,26.65,0.00,0.00,72.84
1357496269,653,0.25,0.00,26.95,0.00,0.00,72.80
1357496270,654,0.25,0.00,26.84,0.00,0.00,72.91
1357496271,655,0.25,0.00,26.84,0.00,0.00,72.91
1357496272,656,0.25,0.00,27.09,0.00,0.00,72.66
1357496273,657,0.25,0.00,26.84,0.00,0.00,72.91
1357496274,658,0.25,0.00,26.84,0.00,0.00,72.91
1357496275,659,0.25,0.00,26.65,0.00,0.00,73.10
1357496276,660,0.25,0.00,27.02,0.00,0.00,72.73
1357496277,661,0.25,0.00,26.90,1.02,0.00,71.83
1357496278,662,0.51,0.00,26.77,0.00,0.00,72.73
1357496279,663,0.25,0.00,26.84,0.00,0.00,72.91
1357496280,664,0.25,0.00,26.65,0.00,0.00,73.10
1357496281,665,0.25,0.00,27.02,0.00,0.00,72.73
1357496282,666,0.00,0.00,26.90,2.54,0.00,70.56
1357496283,667,0.51,0.00,26.77,0.00,0.00,72.73
1357496284,668,0.26,0.00,26.53,0.00,0.00,73.21
1357496285,669,0.76,0.00,29.80,0.00,0.00,69.44
1357496286,670,2.51,0.00,33.83,0.00,0.00,63.66
1357496287,671,8.08,0.00,30.05,1.26,0.00,60.61
1357496288,672,9.80,0.00,31.16,0.00,0.00,59.05
1357496289,673,10.80,0.00,30.65,0.00,0.00,58.54
1357496290,674,9.34,0.00,29.29,0.00,0.00,61.36
1357496291,675,9.02,0.00,30.83,0.00,0.00,60.15
1357496292,676,10.08,0.00,30.48,0.76,0.00,58.69
1357496293,677,12.81,0.00,30.40,0.00,0.00,56.78
1357496294,678,12.34,0.00,29.97,0.00,0.00,57.68
1357496295,679,5.78,0.00,24.12,0.00,0.00,70.10
1357496296,680,8.56,0.00,27.46,0.00,0.00,63.98
1357496297,681,11.50,0.00,28.50,1.25,0.00,58.75
1357496298,682,12.78,0.00,28.32,0.00,0.00,58.90
1357496299,683,15.44,0.00,28.35,0.00,0.00,56.20
1357496300,684,15.08,0.00,28.89,0.00,0.00,56.03
1357496301,685,14.82,0.00,29.90,0.00,0.00,55.28
1357496302,686,9.07,0.00,28.46,1.01,0.00,61.46
1357496303,687,3.05,0.00,24.87,0.00,0.00,72.08
1357496304,688,1.01,0.00,26.20,0.00,0.00,72.80
1357496305,689,1.01,0.00,26.20,0.00,0.00,72.80
1357496306,690,0.76,0.00,26.26,0.00,0.00,72.98
1357496307,691,0.25,0.00,26.21,1.53,0.00,72.01
1357496308,692,0.76,0.00,25.82,0.00,0.00,73.42
1357496309,693,0.51,0.00,26.26,0.00,0.00,73.23
1357496310,694,0.50,0.00,26.45,0.00,0.00,73.05
1357496311,695,0.76,0.00,26.26,0.00,0.00,72.98
1357496312,696,0.51,0.00,26.21,1.02,0.00,72.26
1357496313,697,0.76,0.00,26.01,0.00,0.00,73.23
1357496314,698,0.51,0.00,26.52,0.00,0.00,72.98
1357496315,699,0.76,0.00,26.45,0.00,0.00,72.80
1357496316,700,0.76,0.00,26.45,0.00,0.00,72.80
1357496317,701,0.25,0.00,25.94,1.26,0.00,72.54
1357496318,702,0.25,0.00,26.38,0.00,0.00,73.37
1357496319,703,0.50,0.00,25.69,0.00,0.00,73.80
1357496320,704,0.25,0.00,26.13,0.00,0.00,73.62
1357496321,705,0.25,0.00,26.13,0.00,0.00,73.62
1357496322,706,0.25,0.00,25.94,1.01,0.00,72.80
1357496323,707,0.25,0.00,26.01,0.00,0.00,73.74
1357496324,708,0.25,0.00,26.01,0.00,0.00,73.74
1357496325,709,0.25,0.00,26.20,0.00,0.00,73.55
1357496326,710,0.25,0.00,26.20,0.00,0.00,73.55
1357496327,711,0.25,0.00,26.20,1.26,0.00,72.29
1357496328,712,0.25,0.00,26.26,0.00,0.00,73.48
1357496329,713,0.25,0.00,26.20,0.00,0.00,73.55
1357496330,714,0.25,0.00,26.20,0.00,0.00,73.55
1357496331,715,0.51,0.00,26.58,0.00,0.00,72.91
1357496332,716,0.26,0.00,26.79,2.55,0.00,70.41
1357496333,717,0.25,0.00,26.65,0.00,0.00,73.10
1357496334,718,0.51,0.00,26.46,0.00,0.00,73.03
1357496335,719,0.26,0.00,26.28,0.00,0.00,73.47
1357496336,720,0.00,0.00,26.97,0.00,0.00,73.03
1357496337,721,0.51,0.00,26.65,1.27,0.00,71.57
1357496338,722,0.00,0.00,26.72,0.00,0.00,73.28
1357496339,723,0.26,0.00,26.28,0.00,0.00,73.47
1357496340,724,0.51,0.00,26.40,0.00,0.00,73.10
1357496341,725,0.25,0.00,26.84,0.00,0.00,72.91
1357496342,726,0.51,0.00,26.21,1.27,0.00,72.01
1357496343,727,0.25,0.00,26.84,0.00,0.00,72.91
1357496344,728,0.25,0.00,26.65,0.00,0.00,73.10
1357496345,729,0.50,0.00,26.95,0.00,0.00,72.54
1357496346,730,0.26,0.00,26.60,0.00,0.00,73.15
1357496347,731,0.26,0.00,26.60,1.28,0.00,71.87
1357496348,732,0.26,0.00,26.53,0.00,0.00,73.21
1357496349,733,0.00,0.00,26.53,0.00,0.00,73.47
1357496350,734,0.26,0.00,26.34,0.00,0.00,73.40
1357496351,735,0.26,0.00,26.53,0.00,0.00,73.21
1357496352,736,0.25,0.00,26.21,1.53,0.00,72.01
1357496353,737,0.26,0.00,26.53,0.00,0.00,73.21
1357496354,738,0.51,0.00,26.09,0.00,0.00,73.40
1357496355,739,0.25,0.00,26.46,0.00,0.00,73.28
1357496356,740,0.51,0.00,26.46,0.00,0.00,73.03
1357496357,741,0.51,0.00,26.77,1.52,0.00,71.21
1357496358,742,0.51,0.00,26.34,0.00,0.00,73.15
1357496359,743,0.25,0.00,26.72,0.00,0.00,73.03
1357496360,744,0.26,0.00,26.53,0.00,0.00,73.21
1357496361,745,0.51,0.00,26.40,0.00,0.00,73.10
1357496362,746,0.51,0.00,26.90,1.27,0.00,71.32
1357496363,747,0.26,0.00,26.53,0.00,0.00,73.21
1357496364,748,0.51,0.00,27.02,0.00,0.00,72.47
1357496365,749,0.51,0.00,26.46,0.00,0.00,73.03
1357496366,750,0.25,0.00,26.90,0.00,0.00,72.84
1357496367,751,0.26,0.00,26.53,1.53,0.00,71.68
1357496368,752,0.25,0.00,26.90,0.00,0.00,72.84
1357496369,753,0.25,0.00,26.90,0.00,0.00,72.84
1357496370,754,0.51,0.00,26.46,0.00,0.00,73.03
1357496371,755,0.25,0.00,26.72,0.00,0.00,73.03
1357496372,756,0.25,0.00,26.72,1.27,0.00,71.76
1357496373,757,0.26,0.00,26.60,0.00,0.00,73.15
1357496374,758,0.51,0.00,26.09,0.00,0.00,73.40
1357496375,759,0.25,0.00,26.84,0.00,0.00,72.91
1357496376,760,0.26,0.00,26.34,0.00,0.00,73.40
1357496377,761,0.26,0.00,26.28,1.28,0.00,72.19
1357496378,762,0.26,0.00,26.60,0.00,0.00,73.15
1357496379,763,0.51,0.00,26.14,0.00,0.00,73.35
1357496380,764,0.51,0.00,26.65,0.00,0.00,72.84
1357496381,765,0.26,0.00,26.28,0.00,0.00,73.47
1357496382,766,0.26,0.00,26.34,2.56,0.00,70.84
1357496383,767,0.26,0.00,26.34,0.00,0.00,73.40
1357496384,768,0.26,0.00,26.28,0.00,0.00,73.47
1357496385,769,0.51,0.00,26.58,0.00,0.00,72.91
1357496386,770,0.25,0.00,26.72,0.00,0.00,73.03
1357496387,771,0.51,0.00,26.21,1.27,0.00,72.01
1357496388,772,0.25,0.00,26.72,0.00,0.00,73.03
1357496389,773,0.51,0.00,26.21,0.00,0.00,73.28
1357496390,774,0.26,0.00,26.09,0.00,0.00,73.66
1357496391,775,0.51,0.00,26.84,0.00,0.00,72.66
1357496392,776,0.51,0.00,26.58,0.00,0.00,72.91
1357496393,777,0.51,0.00,25.83,0.00,0.00,73.66
1357496394,778,0.51,0.00,26.84,0.00,0.00,72.66
1357496395,779,0.26,0.00,26.28,0.00,0.00,73.47
1357496396,780,0.76,0.00,26.14,0.00,0.00,73.10
1357496397,781,0.51,0.00,26.02,1.28,0.00,72.19
1357496398,782,0.25,0.00,26.84,0.00,0.00,72.91
1357496399,783,0.51,0.00,26.40,0.00,0.00,73.10
1357496400,784,0.26,0.00,26.09,0.00,0.00,73.66
1357496401,785,0.25,0.00,26.21,0.00,0.00,73.54
1357496402,786,0.26,0.00,26.28,1.02,0.00,72.45
1357496403,787,0.26,0.00,26.09,0.00,0.00,73.66
1357496404,788,0.25,0.00,26.46,0.00,0.00,73.28
1357496405,789,0.51,0.00,26.58,0.00,0.00,72.91
1357496406,790,0.25,0.00,26.46,0.00,0.00,73.28
1357496407,791,0.51,0.00,26.52,1.26,0.00,71.72
1357496408,792,0.51,0.00,26.77,0.00,0.00,72.73
1357496409,793,0.51,0.00,26.77,0.00,0.00,72.73
1357496410,794,0.25,0.00,26.65,0.00,0.00,73.10
1357496411,795,0.51,0.00,26.46,0.00,0.00,73.03
1357496412,796,0.26,0.00,26.53,1.28,0.00,71.94
1357496413,797,0.25,0.00,26.40,0.00,0.00,73.35
1357496414,798,0.51,0.00,26.77,0.00,0.00,72.73
1357496415,799,0.26,0.00,26.34,0.00,0.00,73.40
1357496416,800,0.25,0.00,26.46,0.00,0.00,73.28
1357496417,801,0.51,0.00,26.28,1.28,0.00,71.94
1357496418,802,0.26,0.00,26.34,0.00,0.00,73.40
1357496419,803,0.51,0.00,26.21,0.00,0.00,73.28
1357496420,804,0.51,0.00,26.58,0.00,0.00,72.91
1357496421,805,0.51,0.00,26.14,0.00,0.00,73.35
1357496422,806,0.50,0.00,26.88,1.76,0.00,70.85
1357496423,807,0.76,0.00,26.26,0.00,0.00,72.98
1357496424,808,0.26,0.00,26.09,0.00,0.00,73.66
1357496425,809,0.51,0.00,26.46,0.00,0.00,73.03
1357496426,810,0.51,0.00,26.21,0.00,0.00,73.28
1357496427,811,0.51,0.00,26.46,3.31,0.00,69.72
1357496428,812,0.51,0.00,26.58,0.00,0.00,72.91
1357496429,813,0.51,0.00,26.58,0.00,0.00,72.91
1357496430,814,0.25,0.00,26.58,0.00,0.00,73.16
1357496431,815,0.51,0.00,26.21,0.00,0.00,73.28
1357496432,816,0.51,0.00,26.40,2.28,0.00,70.81
1357496433,817,0.51,0.00,26.21,0.00,0.00,73.28
1357496434,818,0.26,0.00,25.90,0.00,0.00,73.85
1357496435,819,0.51,0.00,26.58,0.00,0.00,72.91
1357496436,820,0.76,0.00,25.95,0.00,0.00,73.28
1357496437,821,0.51,0.00,26.40,1.27,0.00,71.83
1357496438,822,0.51,0.00,26.46,0.00,0.00,73.03
1357496439,823,0.26,0.00,26.53,0.00,0.00,73.21
1357496440,824,0.25,0.00,26.46,0.00,0.00,73.28
1357496441,825,0.51,0.00,26.21,0.00,0.00,73.28
1357496442,826,0.51,0.00,26.65,1.27,0.00,71.57
1357496443,827,0.51,0.00,26.02,0.00,0.00,73.47
1357496444,828,0.25,0.00,26.72,0.00,0.00,73.03
1357496445,829,0.26,0.00,26.53,0.00,0.00,73.21
1357496446,830,0.51,0.00,26.02,0.00,0.00,73.47
1357496447,831,0.51,0.00,26.65,1.27,0.00,71.57
1357496448,832,0.26,0.00,26.34,0.00,0.00,73.40
1357496449,833,0.00,0.00,26.53,0.00,0.00,73.47
1357496450,834,0.51,0.00,26.40,0.00,0.00,73.10
1357496451,835,0.51,0.00,26.46,0.00,0.00,73.03
1357496452,836,0.51,0.00,26.65,1.02,0.00,71.83
1357496453,837,0.25,0.00,26.46,0.00,0.00,73.28
1357496454,838,0.51,0.00,26.33,0.00,0.00,73.16
1357496455,839,2.28,0.00,31.90,0.00,0.00,65.82
1357496456,840,4.52,0.00,30.90,0.00,0.00,64.57
1357496457,841,10.86,0.00,29.55,1.26,0.00,58.33
1357496458,842,11.03,0.00,30.58,0.00,0.00,58.40
1357496459,843,13.35,0.00,29.97,0.00,0.00,56.68
1357496460,844,7.77,0.00,28.82,0.00,0.00,63.41
1357496461,845,10.53,0.00,29.82,0.00,0.00,59.65
1357496462,846,11.56,0.00,29.65,0.75,0.00,58.04
1357496463,847,12.31,0.00,28.89,0.00,0.00,58.79
1357496464,848,10.61,0.00,28.54,0.00,0.00,60.86
1357496465,849,8.56,0.00,24.43,0.00,0.00,67.00
1357496466,850,10.00,0.00,29.00,0.00,0.00,61.00
1357496467,851,11.34,0.00,28.97,1.26,0.00,58.44
