timestamp,offset,pct_user,pct_nice,pct_system,pct_iowait,pct_steal,pct_idle
1357505824,1,0.00,0.00,1.01,3.02,0.00,95.98
1357505825,2,0.25,0.00,1.01,8.54,0.00,90.20
1357505826,3,0.00,0.00,1.26,0.00,0.00,98.74
1357505827,4,0.25,0.00,0.76,0.00,0.00,98.99
1357505828,5,0.00,0.00,1.26,2.26,0.00,96.48
1357505829,6,5.79,0.00,1.01,18.89,0.00,74.31
1357505830,7,0.25,0.00,1.25,20.05,0.00,78.45
1357505831,8,0.00,0.00,0.51,0.00,0.00,99.49
1357505832,9,0.00,0.00,1.26,0.00,0.00,98.74
1357505833,10,0.25,0.00,1.26,0.00,0.00,98.49
1357505834,11,0.25,0.00,1.50,0.75,0.00,97.49
1357505835,12,5.78,0.00,15.08,11.81,0.00,67.34
1357505836,13,9.00,0.00,19.25,0.00,0.00,71.75
1357505837,14,9.52,0.00,19.30,0.00,0.00,71.18
1357505838,15,7.77,0.00,20.55,0.00,0.00,71.68
1357505839,16,9.98,0.00,20.45,0.00,0.00,69.58
1357505840,17,8.50,0.00,21.25,6.00,0.00,64.25
1357505841,18,9.73,0.00,19.20,0.00,0.00,71.07
1357505842,19,10.25,0.00,18.50,0.00,0.00,71.25
1357505843,20,11.78,0.00,13.78,0.00,0.00,74.44
1357505844,21,11.50,0.00,14.00,0.00,0.00,74.50
1357505845,22,11.47,0.00,14.21,6.23,0.00,68.08
1357505846,23,11.00,0.00,14.50,0.00,0.00,74.50
1357505847,24,12.28,0.00,13.03,0.00,0.00,74.69
1357505848,25,11.72,0.00,16.21,0.00,0.00,72.07
1357505849,26,10.72,0.00,17.46,0.00,0.00,71.82
1357505850,27,10.95,0.00,17.41,0.00,0.00,71.64
1357505851,28,12.00,0.00,16.00,0.00,0.00,72.00
1357505852,29,10.78,0.00,16.79,0.00,0.00,72.43
1357505853,30,12.06,0.00,15.33,0.00,0.00,72.61
1357505854,31,11.31,0.00,16.08,0.00,0.00,72.61
1357505855,32,11.44,0.00,15.42,5.22,0.00,67.91
1357505856,33,11.75,0.00,17.75,0.00,0.00,70.50
1357505857,34,12.22,0.00,17.46,0.00,0.00,70.32
1357505858,35,12.84,0.00,17.28,0.00,0.00,69.88
1357505859,36,12.22,0.00,16.46,0.00,0.00,71.32
1357505860,37,11.94,0.00,17.41,0.00,0.00,70.65
1357505861,38,11.66,0.00,17.37,0.00,0.00,70.97
1357505862,39,12.94,0.00,16.42,0.00,0.00,70.65
1357505863,40,13.45,0.00,17.85,0.00,0.00,68.70
1357505864,41,13.22,0.00,16.46,0.00,0.00,70.32
1357505865,42,11.78,0.00,16.54,0.00,0.00,71.68
1357505866,43,11.25,0.00,17.25,0.00,0.00,71.50
1357505867,44,11.34,0.00,16.62,0.00,0.00,72.04
1357505868,45,11.78,0.00,16.29,0.00,0.00,71.93
1357505869,46,11.06,0.00,16.83,0.00,0.00,72.11
1357505870,47,12.19,0.00,16.67,0.00,0.00,71.14
1357505871,48,12.06,0.00,16.58,0.00,0.00,71.36
1357505872,49,11.34,0.00,17.63,0.00,0.00,71.03
1357505873,50,9.27,0.00,19.05,0.00,0.00,71.68
1357505874,51,10.03,0.00,19.05,0.00,0.00,70.93
1357505875,52,9.00,0.00,19.50,0.00,0.00,71.50
1357505876,53,9.30,0.00,18.09,0.75,0.00,71.86
1357505877,54,34.41,0.00,4.74,0.00,0.00,60.85
1357505878,55,39.20,0.00,2.76,0.00,0.00,58.04
1357505879,56,42.00,0.00,3.50,0.00,0.00,54.50
1357505880,57,32.91,0.00,2.76,3.02,0.00,61.31
1357505881,58,26.18,0.00,3.24,3.24,0.00,67.33
1357505882,59,23.43,0.00,3.02,0.00,0.00,73.55
1357505883,60,23.31,0.00,3.26,0.00,0.00,73.43
1357505884,61,22.67,0.00,3.53,0.00,0.00,73.80
1357505885,62,25.25,0.00,2.25,1.25,0.00,71.25
1357505886,63,24.62,0.00,2.76,4.52,0.00,68.09
1357505887,64,26.00,0.00,3.50,0.00,0.00,70.50
1357505888,65,24.56,0.00,2.26,0.00,0.00,73.18
1357505889,66,24.75,0.00,2.25,0.00,0.00,73.00
1357505890,67,22.81,0.00,3.76,0.00,0.00,73.43
1357505891,68,24.56,0.00,2.26,6.02,0.00,67.17
1357505892,69,23.81,0.00,3.76,0.00,0.00,72.43
1357505893,70,24.81,0.00,1.50,0.00,0.00,73.68
1357505894,71,25.50,0.00,3.75,0.00,0.00,70.75
1357505895,72,24.44,0.00,2.24,0.00,0.00,73.32
1357505896,73,25.76,0.00,2.78,5.30,0.00,66.16
1357505897,74,26.18,0.00,2.49,0.00,0.00,71.32
1357505898,75,21.30,0.00,6.52,0.00,0.00,72.18
1357505899,76,17.34,0.00,10.05,0.00,0.00,72.61
1357505900,77,17.84,0.00,9.80,0.00,0.00,72.36
1357505901,78,17.96,0.00,9.48,5.74,0.00,66.83
1357505902,79,18.09,0.00,9.05,0.00,0.00,72.86
1357505903,80,17.96,0.00,9.98,0.00,0.00,72.07
1357505904,81,17.63,0.00,9.32,0.00,0.00,73.05
1357505905,82,17.25,0.00,10.25,0.00,0.00,72.50
1357505906,83,9.48,0.00,19.20,4.99,0.00,66.33
1357505907,84,8.75,0.00,19.75,0.00,0.00,71.50
1357505908,85,8.52,0.00,19.80,0.00,0.00,71.68
1357505909,86,9.00,0.00,19.75,0.00,0.00,71.25
1357505910,87,8.21,0.00,20.65,0.00,0.00,71.14
1357505911,88,8.75,0.00,20.00,0.00,0.00,71.25
1357505912,89,8.96,0.00,19.90,0.00,0.00,71.14
1357505913,90,11.31,0.00,17.09,0.00,0.00,71.61
1357505914,91,11.56,0.00,16.58,0.00,0.00,71.86
1357505915,92,12.72,0.00,15.96,0.00,0.00,71.32
1357505916,93,12.03,0.00,16.79,0.00,0.00,71.18
1357505917,94,13.43,0.00,15.92,0.00,0.00,70.65
1357505918,95,12.03,0.00,18.80,0.00,0.00,69.17
1357505919,96,11.59,0.00,17.88,0.00,0.00,70.53
1357505920,97,10.53,0.00,18.55,0.00,0.00,70.93
1357505921,98,11.53,0.00,17.29,6.52,0.00,64.66
1357505922,99,10.80,0.00,17.84,0.00,0.00,71.36
1357505923,100,11.00,0.00,17.50,0.00,0.00,71.50
1357505924,101,11.50,0.00,16.50,0.00,0.00,72.00
1357505925,102,12.28,0.00,16.79,0.00,0.00,70.93
1357505926,103,10.97,0.00,17.71,5.74,0.00,65.59
1357505927,104,11.78,0.00,16.54,0.00,0.00,71.68
1357505928,105,11.78,0.00,16.29,0.00,0.00,71.93
1357505929,106,11.34,0.00,16.62,0.00,0.00,72.04
1357505930,107,10.53,0.00,16.29,0.00,0.00,73.18
1357505931,108,10.22,0.00,15.46,5.99,0.00,68.33
1357505932,109,10.08,0.00,15.11,0.00,0.00,74.81
1357505933,110,12.94,0.00,15.67,0.00,0.00,71.39
1357505934,111,11.34,0.00,16.12,0.00,0.00,72.54
1357505935,112,11.94,0.00,16.17,0.00,0.00,71.89
1357505936,113,12.81,0.00,15.58,5.78,0.00,65.83
1357505937,114,12.25,0.00,16.25,0.00,0.00,71.50
1357505938,115,14.82,0.00,13.32,0.00,0.00,71.86
1357505939,116,13.28,0.00,15.54,0.00,0.00,71.18
1357505940,117,12.03,0.00,17.04,0.00,0.00,70.93
1357505941,118,13.13,0.00,15.40,6.57,0.00,64.90
1357505942,119,11.53,0.00,17.04,0.00,0.00,71.43
1357505943,120,10.53,0.00,17.79,0.00,0.00,71.68
1357505944,121,10.47,0.00,17.96,0.00,0.00,71.57
1357505945,122,10.30,0.00,17.84,0.00,0.00,71.86
1357505946,123,9.77,0.00,18.30,5.76,0.00,66.17
1357505947,124,26.93,0.00,9.98,0.00,0.00,63.09
1357505948,125,38.00,0.00,4.50,0.00,0.00,57.50
1357505949,126,42.11,0.00,3.51,0.00,0.00,54.39
1357505950,127,35.16,0.00,3.24,0.00,0.00,61.60
1357505951,128,30.08,0.00,3.01,0.00,0.00,66.92
1357505952,129,24.37,0.00,2.26,0.50,0.00,72.86
1357505953,130,23.50,0.00,2.75,0.00,0.00,73.75
1357505954,131,24.56,0.00,1.75,0.00,0.00,73.68
1357505955,132,24.81,0.00,2.26,0.00,0.00,72.93
1357505956,133,25.00,0.00,2.75,1.50,0.00,70.75
1357505957,134,24.31,0.00,2.51,1.25,0.00,71.93
1357505958,135,24.50,0.00,2.00,0.00,0.00,73.50
1357505959,136,24.50,0.00,3.00,0.00,0.00,72.50
1357505960,137,23.62,0.00,2.26,0.00,0.00,74.12
1357505961,138,23.75,0.00,3.00,3.25,0.00,70.00
1357505962,139,23.44,0.00,2.99,3.24,0.00,70.32
1357505963,140,25.88,0.00,2.01,0.00,0.00,72.11
1357505964,141,24.00,0.00,4.00,0.00,0.00,72.00
1357505965,142,25.31,0.00,1.50,0.00,0.00,73.18
1357505966,143,25.19,0.00,3.99,0.00,0.00,70.82
1357505967,144,26.00,0.00,1.50,3.75,0.00,68.75
1357505968,145,23.12,0.00,5.03,0.00,0.00,71.86
1357505969,146,18.00,0.00,9.00,0.00,0.00,73.00
1357505970,147,15.75,0.00,11.50,0.00,0.00,72.75
1357505971,148,17.88,0.00,9.32,0.25,0.00,72.54
1357505972,149,17.75,0.00,9.75,5.75,0.00,66.75
1357505973,150,14.04,0.00,13.28,0.00,0.00,72.68
1357505974,151,17.54,0.00,9.52,0.00,0.00,72.93
1357505975,152,17.79,0.00,9.52,0.00,0.00,72.68
1357505976,153,11.03,0.00,18.05,0.00,0.00,70.93
1357505977,154,9.80,0.00,19.60,5.28,0.00,65.33
1357505978,155,9.25,0.00,20.50,0.00,0.00,70.25
1357505979,156,9.45,0.00,20.40,0.00,0.00,70.15
1357505980,157,7.52,0.00,21.30,0.00,0.00,71.18
1357505981,158,9.27,0.00,20.80,0.00,0.00,69.92
1357505982,159,9.23,0.00,20.70,5.99,0.00,64.09
1357505983,160,10.47,0.00,19.95,0.00,0.00,69.58
1357505984,161,11.53,0.00,16.79,0.00,0.00,71.68
1357505985,162,12.00,0.00,16.50,0.00,0.00,71.50
1357505986,163,11.72,0.00,16.96,0.00,0.00,71.32
1357505987,164,11.72,0.00,17.21,4.99,0.00,66.08
1357505988,165,11.94,0.00,17.16,0.00,0.00,70.90
1357505989,166,10.25,0.00,18.25,0.00,0.00,71.50
1357505990,167,9.50,0.00,18.75,0.00,0.00,71.75
1357505991,168,10.53,0.00,17.54,0.00,0.00,71.93
1357505992,169,10.25,0.00,18.00,5.75,0.00,66.00
1357505993,170,10.53,0.00,17.54,0.00,0.00,71.93
1357505994,171,11.75,0.00,16.75,0.00,0.00,71.50
1357505995,172,11.65,0.00,16.71,0.00,0.00,71.65
1357505996,173,12.00,0.00,17.75,0.00,0.00,70.25
1357505997,174,12.04,0.00,18.92,6.14,0.00,62.90
1357505998,175,11.25,0.00,17.50,0.00,0.00,71.25
1357505999,176,10.03,0.00,18.05,0.00,0.00,71.93
1357506000,177,10.61,0.00,16.92,0.00,0.00,72.47
1357506001,178,11.94,0.00,17.16,0.00,0.00,70.90
1357506002,179,10.95,0.00,17.66,8.96,0.00,62.44
1357506003,180,10.50,0.00,17.50,0.00,0.00,72.00
1357506004,181,11.31,0.00,17.09,0.00,0.00,71.61
1357506005,182,11.50,0.00,17.00,0.00,0.00,71.50
1357506006,183,10.47,0.00,16.46,0.00,0.00,73.07
1357506007,184,10.53,0.00,14.79,6.02,0.00,68.67
1357506008,185,10.50,0.00,15.00,0.00,0.00,74.50
1357506009,186,10.53,0.00,16.04,0.00,0.00,73.43
1357506010,187,10.80,0.00,16.83,0.00,0.00,72.36
1357506011,188,10.28,0.00,15.54,0.00,0.00,74.19
1357506012,189,10.05,0.00,15.33,6.28,0.00,68.34
1357506013,190,10.72,0.00,14.96,0.00,0.00,74.31
1357506014,191,9.80,0.00,15.83,0.00,0.00,74.37
1357506015,192,9.25,0.00,19.00,0.00,0.00,71.75
1357506016,193,10.05,0.00,17.84,0.00,0.00,72.11
1357506017,194,9.23,0.00,18.70,0.00,0.00,72.07
1357506018,195,9.50,0.00,16.00,0.00,0.00,74.50
1357506019,196,25.63,0.00,8.29,0.00,0.00,66.08
1357506020,197,34.25,0.00,4.75,0.00,0.00,61.00
1357506021,198,39.75,0.00,3.00,0.00,0.00,57.25
1357506022,199,40.25,0.00,3.50,1.00,0.00,55.25
1357506023,200,36.16,0.00,3.24,0.00,0.00,60.60
1357506024,201,39.10,0.00,3.01,0.00,0.00,57.89
1357506025,202,40.35,0.00,3.01,0.00,0.00,56.64
1357506026,203,35.16,0.00,3.74,0.00,0.00,61.10
1357506027,204,33.67,0.00,2.00,6.23,0.00,58.10
1357506028,205,25.81,0.00,3.01,0.00,0.00,71.18
1357506029,206,23.50,0.00,2.75,0.00,0.00,73.75
1357506030,207,24.12,0.00,2.76,0.00,0.00,73.12
1357506031,208,23.00,0.00,3.00,0.00,0.00,74.00
1357506032,209,25.13,0.00,2.01,6.53,0.00,66.33
1357506033,210,24.19,0.00,3.49,0.00,0.00,72.32
1357506034,211,25.81,0.00,1.50,0.00,0.00,72.68
1357506035,212,25.00,0.00,3.50,0.00,0.00,71.50
1357506036,213,25.13,0.00,1.26,0.00,0.00,73.62
1357506037,214,24.44,0.00,5.24,5.74,0.00,64.59
1357506038,215,17.34,0.00,10.30,0.25,0.00,72.11
1357506039,216,17.04,0.00,10.03,0.00,0.00,72.93
1357506040,217,17.59,0.00,9.55,0.00,0.00,72.86
1357506041,218,17.50,0.00,9.75,0.00,0.00,72.75
1357506042,219,17.25,0.00,10.25,4.00,0.00,68.50
1357506043,220,17.46,0.00,10.22,2.00,0.00,70.32
1357506044,221,16.88,0.00,10.58,0.00,0.00,72.54
1357506045,222,11.94,0.00,16.67,0.00,0.00,71.39
1357506046,223,8.77,0.00,19.30,0.00,0.00,71.93
1357506047,224,8.02,0.00,18.55,3.01,0.00,70.43
1357506048,225,8.98,0.00,19.70,2.49,0.00,68.83
1357506049,226,8.73,0.00,19.20,0.00,0.00,72.07
1357506050,227,8.23,0.00,17.21,0.00,0.00,74.56
1357506051,228,7.27,0.00,18.30,0.00,0.00,74.44
1357506052,229,7.25,0.00,18.25,1.75,0.00,72.75
1357506053,230,10.53,0.00,16.04,4.01,0.00,69.42
1357506054,231,10.75,0.00,14.75,0.00,0.00,74.50
1357506055,232,11.47,0.00,14.21,0.00,0.00,74.31
1357506056,233,11.56,0.00,13.57,0.00,0.00,74.87
1357506057,234,11.72,0.00,13.97,0.00,0.00,74.31
1357506058,235,11.75,0.00,15.25,0.00,0.00,73.00
1357506059,236,10.25,0.00,17.50,0.00,0.00,72.25
1357506060,237,9.30,0.00,15.58,0.00,0.00,75.13
1357506061,238,10.20,0.00,15.67,0.00,0.00,74.13
1357506062,239,12.31,0.00,15.83,0.00,0.00,71.86
1357506063,240,12.28,0.00,15.79,3.76,0.00,68.17
1357506064,241,11.00,0.00,14.50,0.00,0.00,74.50
1357506065,242,10.55,0.00,16.58,0.00,0.00,72.86
1357506066,243,11.44,0.00,17.16,0.00,0.00,71.39
1357506067,244,12.19,0.00,16.42,0.00,0.00,71.39
1357506068,245,11.41,0.00,17.62,6.45,0.00,64.52
1357506069,246,11.03,0.00,17.29,0.00,0.00,71.68
1357506070,247,10.53,0.00,17.54,0.00,0.00,71.93
1357506071,248,10.70,0.00,17.91,0.00,0.00,71.39
1357506072,249,11.28,0.00,17.04,0.00,0.00,71.68
1357506073,250,10.55,0.00,17.34,5.28,0.00,66.83
1357506074,251,12.10,0.00,17.28,0.00,0.00,70.62
1357506075,252,11.53,0.00,14.29,0.00,0.00,74.19
1357506076,253,11.03,0.00,14.54,0.00,0.00,74.44
1357506077,254,10.75,0.00,14.75,0.00,0.00,74.50
1357506078,255,11.75,0.00,14.00,6.00,0.00,68.25
1357506079,256,10.80,0.00,17.09,0.00,0.00,72.11
1357506080,257,11.69,0.00,16.67,0.00,0.00,71.64
1357506081,258,11.03,0.00,17.29,0.00,0.00,71.68
1357506082,259,11.81,0.00,16.33,0.00,0.00,71.86
1357506083,260,12.28,0.00,17.04,5.76,0.00,64.91
1357506084,261,9.77,0.00,19.80,0.00,0.00,70.43
1357506085,262,9.55,0.00,19.10,0.00,0.00,71.36
1357506086,263,9.77,0.00,18.55,0.00,0.00,71.68
1357506087,264,10.78,0.00,17.54,0.00,0.00,71.68
1357506088,265,27.68,0.00,9.98,2.24,0.00,60.10
1357506089,266,35.18,0.00,3.77,0.00,0.00,61.06
1357506090,267,40.15,0.00,2.74,0.00,0.00,57.11
1357506091,268,43.25,0.00,4.25,0.00,0.00,52.50
1357506092,269,31.83,0.00,2.51,0.00,0.00,65.66
1357506093,270,23.19,0.00,3.24,2.99,0.00,70.57
1357506094,271,24.31,0.00,2.26,0.00,0.00,73.43
1357506095,272,24.37,0.00,2.51,0.00,0.00,73.12
1357506096,273,24.62,0.00,3.02,0.00,0.00,72.36
1357506097,274,23.75,0.00,3.00,0.00,0.00,73.25
1357506098,275,24.56,0.00,2.01,5.76,0.00,67.67
1357506099,276,24.31,0.00,3.01,0.00,0.00,72.68
1357506100,277,23.38,0.00,3.23,0.00,0.00,73.38
1357506101,278,26.25,0.00,3.00,0.00,0.00,70.75
1357506102,279,23.69,0.00,3.24,0.00,0.00,73.07
1357506103,280,26.32,0.00,2.26,7.52,0.00,63.91
1357506104,281,24.00,0.00,3.50,0.00,0.00,72.50
1357506105,282,26.32,0.00,2.01,0.00,0.00,71.68
1357506106,283,26.57,0.00,4.01,0.00,0.00,69.42
1357506107,284,25.50,0.00,1.75,0.00,0.00,72.75
1357506108,285,24.06,0.00,5.26,7.27,0.00,63.41
1357506109,286,17.25,0.00,10.25,0.00,0.00,72.50
1357506110,287,17.75,0.00,9.75,0.00,0.00,72.50
1357506111,288,16.96,0.00,10.47,0.00,0.00,72.57
1357506112,289,17.46,0.00,10.47,0.00,0.00,72.07
1357506113,290,17.79,0.00,9.52,5.76,0.00,66.92
1357506114,291,17.79,0.00,9.52,0.00,0.00,72.68
1357506115,292,17.66,0.00,9.95,0.00,0.00,72.39
1357506116,293,10.78,0.00,17.29,0.00,0.00,71.93
1357506117,294,7.25,0.00,19.25,0.00,0.00,73.50
1357506118,295,8.02,0.00,19.30,6.27,0.00,66.42
1357506119,296,7.48,0.00,20.70,0.00,0.00,71.82
1357506120,297,7.79,0.00,20.85,0.00,0.00,71.36
1357506121,298,7.75,0.00,18.50,0.00,0.00,73.75
1357506122,299,7.50,0.00,18.00,0.00,0.00,74.50
1357506123,300,7.29,0.00,18.09,5.03,0.00,69.60
1357506124,301,10.05,0.00,17.09,0.00,0.00,72.86
1357506125,302,11.78,0.00,16.54,0.00,0.00,71.68
1357506126,303,12.50,0.00,15.50,0.00,0.00,72.00
1357506127,304,12.00,0.00,16.25,0.00,0.00,71.75
1357506128,305,12.03,0.00,15.79,0.00,0.00,72.18
1357506129,306,10.58,0.00,17.63,0.00,0.00,71.79
1357506130,307,10.70,0.00,18.41,0.00,0.00,70.90
1357506131,308,10.78,0.00,18.05,0.00,0.00,71.18
1357506132,309,10.28,0.00,18.55,0.00,0.00,71.18
1357506133,310,11.91,0.00,18.61,3.47,0.00,66.00
1357506134,311,12.31,0.00,15.83,1.26,0.00,70.60
1357506135,312,12.72,0.00,16.71,0.00,0.00,70.57
1357506136,313,11.47,0.00,16.96,0.00,0.00,71.57
1357506137,314,11.06,0.00,17.09,0.00,0.00,71.86
1357506138,315,11.03,0.00,17.54,2.76,0.00,68.67
1357506139,316,12.19,0.00,16.17,4.98,0.00,66.67
1357506140,317,11.88,0.00,17.82,0.00,0.00,70.30
1357506141,318,11.59,0.00,16.12,0.00,0.00,72.29
1357506142,319,12.00,0.00,16.50,0.00,0.00,71.50
1357506143,320,12.06,0.00,16.33,1.01,0.00,70.60
1357506144,321,12.38,0.00,17.08,4.70,0.00,65.84
1357506145,322,14.75,0.00,14.25,0.00,0.00,71.00
1357506146,323,15.46,0.00,14.46,0.00,0.00,70.07
1357506147,324,14.04,0.00,14.29,0.00,0.00,71.68
1357506148,325,13.53,0.00,14.79,0.00,0.00,71.68
1357506149,326,13.47,0.00,14.96,5.49,0.00,66.08
1357506150,327,13.03,0.00,15.04,0.00,0.00,71.93
1357506151,328,9.30,0.00,18.84,0.00,0.00,71.86
1357506152,329,12.22,0.00,15.96,0.00,0.00,71.82
1357506153,330,12.00,0.00,16.50,0.00,0.00,71.50
1357506154,331,12.28,0.00,15.79,5.51,0.00,66.42
1357506155,332,11.84,0.00,16.12,0.00,0.00,72.04
1357506156,333,11.94,0.00,17.41,0.00,0.00,70.65
1357506157,334,11.84,0.00,16.37,0.00,0.00,71.79
1357506158,335,35.66,0.00,5.74,0.00,0.00,58.60
1357506159,336,36.18,0.00,3.02,3.27,0.00,57.54
1357506160,337,40.00,0.00,3.00,0.00,0.00,57.00
1357506161,338,41.25,0.00,3.25,0.00,0.00,55.50
1357506162,339,36.75,0.00,3.50,0.00,0.00,59.75
1357506163,340,40.60,0.00,3.01,0.00,0.00,56.39
1357506164,341,41.10,0.00,3.51,1.50,0.00,53.88
1357506165,342,34.00,0.00,3.00,0.00,0.00,63.00
1357506166,343,32.58,0.00,2.76,0.00,0.00,64.66
1357506167,344,25.31,0.00,2.01,0.00,0.00,72.68
1357506168,345,23.13,0.00,3.73,0.00,0.00,73.13
1357506169,346,24.62,0.00,1.76,6.28,0.00,67.34
1357506170,347,23.12,0.00,3.77,0.00,0.00,73.12
1357506171,348,24.43,0.00,1.76,0.00,0.00,73.80
1357506172,349,24.25,0.00,5.00,0.00,0.00,70.75
1357506173,350,23.94,0.00,2.00,0.00,0.00,74.06
1357506174,351,24.81,0.00,3.51,6.77,0.00,64.91
1357506175,352,24.44,0.00,2.74,0.00,0.00,72.82
1357506176,353,22.11,0.00,5.53,0.00,0.00,72.36
1357506177,354,17.13,0.00,9.82,0.00,0.00,73.05
1357506178,355,17.75,0.00,9.75,0.00,0.00,72.50
1357506179,356,18.09,0.00,8.79,5.78,0.00,67.34
1357506180,357,17.50,0.00,10.00,0.00,0.00,72.50
1357506181,358,18.70,0.00,8.98,0.00,0.00,72.32
1357506182,359,17.71,0.00,9.73,0.00,0.00,72.57
1357506183,360,16.50,0.00,11.00,0.00,0.00,72.50
1357506184,361,9.75,0.00,18.50,5.25,0.00,66.50
1357506185,362,8.00,0.00,20.25,0.00,0.00,71.75
1357506186,363,8.96,0.00,20.65,0.00,0.00,70.40
1357506187,364,8.29,0.00,20.10,0.00,0.00,71.61
1357506188,365,7.48,0.00,20.95,0.00,0.00,71.57
1357506189,366,8.23,0.00,19.95,5.24,0.00,66.58
1357506190,367,8.25,0.00,20.25,0.00,0.00,71.50
1357506191,368,9.75,0.00,18.50,0.00,0.00,71.75
1357506192,369,12.50,0.00,16.25,0.00,0.00,71.25
1357506193,370,12.50,0.00,16.50,0.00,0.00,71.00
1357506194,371,12.03,0.00,16.29,5.76,0.00,65.91
1357506195,372,12.41,0.00,14.94,0.00,0.00,72.66
1357506196,373,12.94,0.00,16.42,0.00,0.00,70.65
1357506197,374,10.47,0.00,18.20,0.00,0.00,71.32
1357506198,375,10.58,0.00,18.14,0.00,0.00,71.28
1357506199,376,11.25,0.00,18.00,6.50,0.00,64.25
1357506200,377,11.22,0.00,18.45,0.00,0.00,70.32
1357506201,378,7.56,0.00,20.65,0.00,0.00,71.79
1357506202,379,9.77,0.00,18.30,0.00,0.00,71.93
1357506203,380,11.75,0.00,16.50,0.00,0.00,71.75
1357506204,381,12.78,0.00,15.54,6.27,0.00,65.41
1357506205,382,12.72,0.00,15.96,0.00,0.00,71.32
1357506206,383,14.25,0.00,14.25,0.00,0.00,71.50
1357506207,384,13.82,0.00,14.07,0.00,0.00,72.11
1357506208,385,13.47,0.00,15.46,0.00,0.00,71.07
1357506209,386,14.00,0.00,14.50,7.25,0.00,64.25
1357506210,387,12.28,0.00,16.04,0.25,0.00,71.43
1357506211,388,12.59,0.00,17.04,0.00,0.00,70.37
1357506212,389,11.50,0.00,17.00,0.00,0.00,71.50
1357506213,390,12.25,0.00,16.25,0.00,0.00,71.50
1357506214,391,11.50,0.00,17.00,0.00,0.00,71.50
1357506215,392,12.28,0.00,16.04,0.00,0.00,71.68
1357506216,393,11.75,0.00,16.50,0.00,0.00,71.75
1357506217,394,12.22,0.00,16.21,0.00,0.00,71.57
1357506218,395,11.56,0.00,17.09,0.00,0.00,71.36
1357506219,396,11.25,0.00,17.50,0.00,0.00,71.25
1357506220,397,11.47,0.00,16.96,0.00,0.00,71.57
1357506221,398,11.25,0.00,17.50,0.00,0.00,71.25
1357506222,399,12.69,0.00,17.41,0.00,0.00,69.90
1357506223,400,10.86,0.00,16.67,0.00,0.00,72.47
1357506224,401,11.78,0.00,16.54,2.51,0.00,69.17
1357506225,402,19.35,0.00,13.32,4.02,0.00,63.32
1357506226,403,35.00,0.00,4.00,0.00,0.00,61.00
1357506227,404,41.50,0.00,4.00,0.00,0.00,54.50
1357506228,405,38.35,0.00,3.76,0.00,0.00,57.89
1357506229,406,30.25,0.00,3.25,0.50,0.00,66.00
1357506230,407,29.82,0.00,3.01,5.76,0.00,61.40
1357506231,408,39.00,0.00,2.75,0.00,0.00,58.25
1357506232,409,40.35,0.00,2.76,0.00,0.00,56.89
1357506233,410,36.50,0.00,4.00,0.00,0.00,59.50
1357506234,411,31.91,0.00,2.26,0.00,0.00,65.83
1357506235,412,26.82,0.00,3.26,6.02,0.00,63.91
1357506236,413,23.50,0.00,2.75,0.00,0.00,73.75
1357506237,414,24.31,0.00,2.26,0.00,0.00,73.43
1357506238,415,23.12,0.00,3.02,0.00,0.00,73.87
1357506239,416,25.00,0.00,2.50,0.00,0.00,72.50
1357506240,417,24.50,0.00,3.50,6.75,0.00,65.25
1357506241,418,24.81,0.00,1.75,0.00,0.00,73.43
1357506242,419,25.19,0.00,3.74,0.00,0.00,71.07
1357506243,420,24.56,0.00,1.25,0.00,0.00,74.19
1357506244,421,23.25,0.00,5.25,0.00,0.00,71.50
1357506245,422,18.05,0.00,9.52,6.27,0.00,66.17
1357506246,423,17.13,0.00,10.33,0.00,0.00,72.54
1357506247,424,17.91,0.00,9.95,0.00,0.00,72.14
1357506248,425,17.13,0.00,10.58,0.00,0.00,72.29
1357506249,426,17.04,0.00,11.03,0.00,0.00,71.93
1357506250,427,18.50,0.00,9.25,6.75,0.00,65.50
1357506251,428,18.05,0.00,9.27,0.00,0.00,72.68
1357506252,429,11.47,0.00,17.71,0.00,0.00,70.82
1357506253,430,8.54,0.00,20.10,0.00,0.00,71.36
1357506254,431,8.46,0.00,20.15,0.00,0.00,71.39
1357506255,432,7.77,0.00,20.55,5.76,0.00,65.91
1357506256,433,7.52,0.00,19.30,0.00,0.00,73.18
1357506257,434,7.02,0.00,18.55,0.00,0.00,74.44
1357506258,435,8.50,0.00,19.75,0.00,0.00,71.75
1357506259,436,8.02,0.00,21.05,0.00,0.00,70.93
1357506260,437,11.06,0.00,16.08,6.03,0.00,66.83
1357506261,438,11.06,0.00,14.32,0.00,0.00,74.62
1357506262,439,10.75,0.00,15.00,0.00,0.00,74.25
1357506263,440,12.03,0.00,13.53,0.00,0.00,74.44
1357506264,441,11.50,0.00,14.25,0.00,0.00,74.25
1357506265,442,11.06,0.00,15.83,0.00,0.00,73.12
1357506266,443,10.55,0.00,17.59,0.00,0.00,71.86
1357506267,444,10.22,0.00,18.95,0.00,0.00,70.82
1357506268,445,10.25,0.00,17.00,0.00,0.00,72.75
1357506269,446,9.77,0.00,15.54,0.00,0.00,74.69
1357506270,447,11.00,0.00,17.25,6.00,0.00,65.75
1357506271,448,11.97,0.00,16.46,0.00,0.00,71.57
1357506272,449,11.59,0.00,16.88,0.00,0.00,71.54
1357506273,450,12.56,0.00,16.83,0.00,0.00,70.60
1357506274,451,12.28,0.00,17.04,0.00,0.00,70.68
1357506275,452,12.00,0.00,17.00,6.50,0.00,64.50
1357506276,453,11.25,0.00,18.00,0.00,0.00,70.75
1357506277,454,11.59,0.00,16.37,0.00,0.00,72.04
1357506278,455,11.56,0.00,16.83,0.00,0.00,71.61
1357506279,456,12.44,0.00,17.16,0.00,0.00,70.40
1357506280,457,12.69,0.00,16.67,4.98,0.00,65.67
1357506281,458,11.22,0.00,17.46,0.00,0.00,71.32
1357506282,459,9.82,0.00,18.09,0.00,0.00,72.09
1357506283,460,12.28,0.00,16.04,0.00,0.00,71.68
1357506284,461,11.56,0.00,16.58,0.00,0.00,71.86
1357506285,462,12.50,0.00,16.00,4.00,0.00,67.50
1357506286,463,11.22,0.00,17.21,3.24,0.00,68.33
1357506287,464,10.91,0.00,18.27,0.00,0.00,70.81
1357506288,465,11.08,0.00,17.38,0.00,0.00,71.54
1357506289,466,10.86,0.00,16.16,0.00,0.00,72.98
1357506290,467,10.41,0.00,16.24,0.00,0.00,73.35
1357506291,468,9.60,0.00,17.68,3.79,0.00,68.94
1357506292,469,9.32,0.00,15.62,5.54,0.00,69.52
1357506293,470,7.67,0.00,18.67,0.00,0.00,73.66
1357506294,471,8.63,0.00,18.53,0.00,0.00,72.84
1357506295,472,9.34,0.00,18.18,0.00,0.00,72.47
1357506296,473,14.11,0.00,14.36,0.00,0.00,71.54
1357506297,474,32.23,0.00,5.33,0.00,0.00,62.44
1357506298,475,33.33,0.00,4.33,5.34,0.00,57.00
1357506299,476,39.59,0.00,5.84,0.00,0.00,54.57
1357506300,477,32.07,0.00,5.05,0.00,0.00,62.88
1357506301,478,28.35,0.00,3.80,0.00,0.00,67.85
1357506302,479,23.04,0.00,4.56,0.00,0.00,72.41
1357506303,480,22.11,0.00,4.02,0.00,0.00,73.87
1357506304,481,22.03,0.00,3.54,8.10,0.00,66.33
1357506305,482,23.81,0.00,4.26,0.00,0.00,71.93
1357506306,483,22.42,0.00,3.27,0.00,0.00,74.31
1357506307,484,23.48,0.00,3.54,0.00,0.00,72.98
1357506308,485,23.12,0.00,4.27,0.00,0.00,72.61
1357506309,486,24.75,0.00,3.79,6.31,0.00,65.15
1357506310,487,23.48,0.00,4.80,0.00,0.00,71.72
1357506311,488,24.06,0.00,1.75,0.00,0.00,74.19
1357506312,489,21.61,0.00,5.78,0.00,0.00,72.61
1357506313,490,23.17,0.00,3.02,0.00,0.00,73.80
1357506314,491,20.61,0.00,5.60,5.85,0.00,67.94
1357506315,492,22.19,0.00,4.34,0.00,0.00,73.47
1357506316,493,22.53,0.00,4.81,0.00,0.00,72.66
1357506317,494,22.65,0.00,4.83,0.00,0.00,72.52
1357506318,495,23.23,0.00,3.03,0.00,0.00,73.74
1357506319,496,24.06,0.00,4.01,5.26,0.00,66.67
1357506320,497,21.23,0.00,4.86,0.00,0.00,73.91
1357506321,498,21.91,0.00,5.79,0.00,0.00,72.29
1357506322,499,16.75,0.00,10.15,0.00,0.00,73.10
1357506323,500,16.33,0.00,10.80,0.00,0.00,72.86
1357506324,501,15.48,0.00,10.15,0.00,0.00,74.37
1357506325,502,16.83,0.00,9.55,5.28,0.00,68.34
1357506326,503,15.52,0.00,10.94,0.00,0.00,73.54
1357506327,504,14.68,0.00,10.38,0.00,0.00,74.94
1357506328,505,14.47,0.00,9.90,0.00,0.00,75.63
1357506329,506,15.33,0.00,10.05,0.00,0.00,74.62
1357506330,507,16.03,0.00,9.92,4.07,0.00,69.97
1357506331,508,8.82,0.00,19.14,1.01,0.00,71.03
1357506332,509,7.47,0.00,19.07,0.00,0.00,73.45
1357506333,510,8.38,0.00,19.04,0.00,0.00,72.59
1357506334,511,7.65,0.00,19.39,0.00,0.00,72.96
1357506335,512,7.89,0.00,19.08,0.00,0.00,73.03
1357506336,513,7.42,0.00,19.95,0.00,0.00,72.63
1357506337,514,8.16,0.00,18.88,0.00,0.00,72.96
1357506338,515,8.59,0.00,18.94,0.00,0.00,72.47
1357506339,516,7.14,0.00,19.39,0.00,0.00,73.47
1357506340,517,8.08,0.00,18.43,0.00,0.00,73.48
1357506341,518,10.38,0.00,17.22,0.00,0.00,72.41
1357506342,519,13.57,0.00,14.82,0.00,0.00,71.61
1357506343,520,13.57,0.00,14.82,0.00,0.00,71.61
1357506344,521,10.97,0.00,17.71,0.00,0.00,71.32
1357506345,522,11.53,0.00,16.79,0.00,0.00,71.68
1357506346,523,11.78,0.00,17.04,0.00,0.00,71.18
1357506347,524,14.32,0.00,14.57,6.53,0.00,64.57
1357506348,525,12.97,0.00,15.71,0.00,0.00,71.32
1357506349,526,11.50,0.00,17.25,0.00,0.00,71.25
1357506350,527,11.50,0.00,18.25,0.00,0.00,70.25
1357506351,528,12.59,0.00,16.37,0.00,0.00,71.03
1357506352,529,12.56,0.00,15.33,6.03,0.00,66.08
1357506353,530,11.28,0.00,17.04,0.00,0.00,71.68
1357506354,531,13.86,0.00,16.58,0.00,0.00,69.55
1357506355,532,11.42,0.00,15.74,0.00,0.00,72.84
1357506356,533,12.09,0.00,16.37,0.00,0.00,71.54
1357506357,534,11.36,0.00,16.16,1.26,0.00,71.21
1357506359,536,10.63,0.00,16.96,4.81,0.00,67.59
1357506360,537,11.78,0.00,16.29,0.00,0.00,71.93
1357506361,538,12.19,0.00,17.41,0.00,0.00,70.40
1357506362,539,12.50,0.00,16.50,0.00,0.00,71.00
1357506363,540,11.50,0.00,17.25,0.00,0.00,71.25
1357506364,541,12.41,0.00,16.63,6.70,0.00,64.27
1357506365,542,12.72,0.00,16.96,0.00,0.00,70.32
1357506366,543,10.33,0.00,17.38,0.00,0.00,72.29
1357506367,544,10.97,0.00,17.46,0.00,0.00,71.57
1357506368,545,10.80,0.00,17.09,0.00,0.00,72.11
1357506369,546,11.03,0.00,17.79,5.01,0.00,66.17
1357506370,547,11.50,0.00,17.75,0.00,0.00,70.75
1357506371,548,10.80,0.00,18.09,0.00,0.00,71.11
1357506372,549,9.75,0.00,18.75,0.00,0.00,71.50
1357506373,550,8.75,0.00,20.00,0.00,0.00,71.25
1357506374,551,8.75,0.00,17.75,6.00,0.00,67.50
1357506375,552,8.06,0.00,17.13,0.00,0.00,74.81
1357506376,553,8.50,0.00,17.50,0.00,0.00,74.00
1357506377,554,32.58,0.00,5.51,0.00,0.00,61.90
1357506378,555,36.59,0.00,3.26,0.00,0.00,60.15
1357506379,556,39.50,0.00,3.75,6.25,0.00,50.50
1357506380,557,39.70,0.00,3.77,0.00,0.00,56.53
1357506381,558,34.16,0.00,3.49,0.00,0.00,62.34
1357506382,559,39.60,0.00,2.51,0.00,0.00,57.89
1357506383,560,41.71,0.00,3.02,0.00,0.00,55.28
1357506384,561,33.58,0.00,2.99,6.47,0.00,56.97
1357506385,562,31.92,0.00,3.24,0.00,0.00,64.84
1357506386,563,25.38,0.00,1.76,0.00,0.00,72.86
1357506387,564,23.12,0.00,3.27,0.00,0.00,73.62
1357506388,565,24.62,0.00,1.51,0.00,0.00,73.87
1357506389,566,24.00,0.00,3.75,6.25,0.00,66.00
1357506390,567,24.50,0.00,1.75,0.00,0.00,73.75
1357506391,568,25.13,0.00,3.27,0.00,0.00,71.61
1357506392,569,23.87,0.00,2.01,0.00,0.00,74.12
1357506393,570,26.50,0.00,3.50,0.00,0.00,70.00
1357506394,571,24.38,0.00,2.99,5.97,0.00,66.67
1357506395,572,21.21,0.00,6.82,0.00,0.00,71.97
1357506396,573,16.79,0.00,9.02,0.00,0.00,74.19
1357506397,574,17.79,0.00,9.02,0.00,0.00,73.18
1357506398,575,16.79,0.00,9.52,0.00,0.00,73.68
1357506399,576,17.79,0.00,7.77,5.76,0.00,68.67
1357506400,577,17.29,0.00,8.27,0.00,0.00,74.44
1357506401,578,17.21,0.00,8.48,0.00,0.00,74.31
1357506402,579,17.04,0.00,8.52,0.00,0.00,74.44
1357506403,580,8.54,0.00,18.84,0.00,0.00,72.61
1357506404,581,8.25,0.00,17.25,0.00,0.00,74.50
1357506405,582,7.96,0.00,17.66,0.00,0.00,74.38
1357506406,583,7.75,0.00,17.75,0.00,0.00,74.50
1357506407,584,8.29,0.00,20.60,0.00,0.00,71.11
1357506408,585,7.71,0.00,20.90,0.00,0.00,71.39
1357506409,586,7.02,0.00,18.30,5.01,0.00,69.67
1357506410,587,7.25,0.00,18.50,0.00,0.00,74.25
1357506411,588,11.97,0.00,16.71,0.00,0.00,71.32
1357506412,589,12.19,0.00,16.42,0.00,0.00,71.39
1357506413,590,11.78,0.00,17.29,0.00,0.00,70.93
1357506414,591,12.87,0.00,16.09,6.93,0.00,64.11
1357506415,592,9.87,0.00,16.20,0.00,0.00,73.92
1357506416,593,11.31,0.00,16.33,0.00,0.00,72.36
1357506417,594,11.06,0.00,17.09,0.00,0.00,71.86
1357506418,595,10.50,0.00,18.00,0.00,0.00,71.50
1357506419,596,10.30,0.00,18.09,6.03,0.00,65.58
1357506420,597,10.78,0.00,15.79,0.00,0.00,73.43
1357506421,598,10.53,0.00,15.04,0.00,0.00,74.44
1357506422,599,10.53,0.00,14.79,0.00,0.00,74.69
1357506423,600,11.47,0.00,14.21,0.00,0.00,74.31
1357506424,601,11.25,0.00,14.25,6.25,0.00,68.25
1357506425,602,10.75,0.00,14.75,0.00,0.00,74.50
1357506426,603,11.00,0.00,17.00,0.00,0.00,72.00
1357506427,604,10.80,0.00,17.09,0.00,0.00,72.11
1357506428,605,10.58,0.00,16.62,0.00,0.00,72.80
1357506429,606,11.25,0.00,14.25,5.25,0.00,69.25
1357506430,607,10.28,0.00,15.04,0.50,0.00,74.19
1357506431,608,10.75,0.00,16.75,0.00,0.00,72.50
1357506432,609,12.53,0.00,16.04,0.00,0.00,71.43
1357506433,610,11.50,0.00,17.00,0.00,0.00,71.50
1357506434,611,12.25,0.00,16.25,0.00,0.00,71.50
1357506435,612,12.28,0.00,16.04,0.00,0.00,71.68
1357506436,613,11.00,0.00,17.25,0.00,0.00,71.75
1357506437,614,12.22,0.00,16.21,0.00,0.00,71.57
1357506438,615,11.36,0.00,16.92,0.00,0.00,71.72
1357506439,616,11.25,0.00,17.75,0.00,0.00,71.00
1357506440,617,11.50,0.00,17.00,0.00,0.00,71.50
1357506441,618,10.75,0.00,17.75,0.00,0.00,71.50
1357506442,619,9.52,0.00,18.80,0.00,0.00,71.68
1357506443,620,8.73,0.00,19.70,0.00,0.00,71.57
1357506444,621,9.25,0.00,19.00,0.00,0.00,71.75
1357506445,622,19.80,0.00,12.53,0.00,0.00,67.67
1357506446,623,34.66,0.00,3.74,0.00,0.00,61.60
1357506447,624,40.15,0.00,3.24,0.00,0.00,56.61
1357506448,625,41.71,0.00,2.76,0.00,0.00,55.53
1357506449,626,36.66,0.00,3.49,0.00,0.00,59.85
1357506450,627,38.85,0.00,2.26,0.00,0.00,58.90
1357506451,628,40.40,0.00,2.49,0.00,0.00,57.11
1357506452,629,38.10,0.00,2.76,0.00,0.00,59.15
1357506453,630,33.17,0.00,3.24,0.00,0.00,63.59
1357506454,631,26.07,0.00,2.51,0.00,0.00,71.43
1357506455,632,23.56,0.00,2.51,0.00,0.00,73.93
1357506456,633,24.06,0.00,2.51,0.00,0.00,73.43
1357506457,634,23.62,0.00,2.51,0.00,0.00,73.87
1357506458,635,26.75,0.00,2.50,0.00,0.00,70.75
1357506459,636,25.00,0.00,4.00,0.00,0.00,71.00
1357506460,637,25.63,0.00,2.01,6.28,0.00,66.08
1357506461,638,25.00,0.00,4.00,0.00,0.00,71.00
1357506462,639,24.81,0.00,1.25,0.00,0.00,73.93
1357506463,640,23.68,0.00,4.53,0.00,0.00,71.79
1357506464,641,17.71,0.00,9.48,0.00,0.00,72.82
1357506465,642,17.50,0.00,10.00,6.50,0.00,66.00
1357506466,643,17.75,0.00,9.50,0.00,0.00,72.75
1357506467,644,17.84,0.00,9.05,0.00,0.00,73.12
1357506468,645,18.00,0.00,9.50,0.00,0.00,72.50
1357506469,646,17.79,0.00,9.52,0.00,0.00,72.68
1357506470,647,17.54,0.00,9.77,6.27,0.00,66.42
1357506471,648,11.03,0.00,16.79,0.00,0.00,72.18
1357506472,649,8.02,0.00,20.30,0.00,0.00,71.68
1357506473,650,8.27,0.00,19.80,0.00,0.00,71.93
1357506474,651,7.50,0.00,20.50,0.00,0.00,72.00
1357506475,652,7.04,0.00,21.86,4.02,0.00,67.09
1357506476,653,7.25,0.00,21.75,0.00,0.00,71.00
1357506477,654,8.23,0.00,20.95,0.00,0.00,70.82
1357506478,655,7.21,0.00,21.89,0.00,0.00,70.90
1357506479,656,11.03,0.00,17.54,0.00,0.00,71.43
1357506480,657,12.28,0.00,15.79,6.02,0.00,65.91
1357506481,658,10.75,0.00,17.50,0.00,0.00,71.75
1357506482,659,11.28,0.00,16.79,0.00,0.00,71.93
1357506483,660,11.94,0.00,16.92,0.00,0.00,71.14
1357506484,661,11.03,0.00,18.80,0.00,0.00,70.18
1357506485,662,11.25,0.00,18.25,5.75,0.00,64.75
1357506486,663,11.84,0.00,17.13,0.00,0.00,71.03
1357506487,664,10.00,0.00,18.75,0.00,0.00,71.25
1357506488,665,11.00,0.00,16.75,0.00,0.00,72.25
1357506489,666,11.03,0.00,17.04,0.00,0.00,71.93
1357506490,667,11.22,0.00,17.21,6.23,0.00,65.34
1357506491,668,11.06,0.00,16.83,0.00,0.00,72.11
1357506492,669,11.50,0.00,16.75,0.00,0.00,71.75
1357506493,670,10.47,0.00,17.96,0.00,0.00,71.57
1357506494,671,11.28,0.00,17.54,0.00,0.00,71.18
1357506495,672,11.44,0.00,16.67,6.22,0.00,65.67
1357506496,673,10.55,0.00,17.09,0.00,0.00,72.36
1357506497,674,10.78,0.00,16.29,0.00,0.00,72.93
1357506498,675,11.81,0.00,15.83,0.00,0.00,72.36
1357506499,676,11.47,0.00,16.46,0.00,0.00,72.07
1357506500,677,11.81,0.00,14.32,1.26,0.00,72.61
1357506501,678,12.87,0.00,16.58,0.00,0.00,70.54
1357506502,679,13.86,0.00,16.58,0.00,0.00,69.55
1357506503,680,12.06,0.00,14.57,0.00,0.00,73.37
1357506504,681,14.75,0.00,14.75,0.00,0.00,70.50
1357506505,682,11.03,0.00,16.54,5.76,0.00,66.67
1357506506,683,10.22,0.00,17.96,0.00,0.00,71.82
1357506507,684,11.50,0.00,16.75,0.00,0.00,71.75
1357506508,685,10.22,0.00,18.20,0.00,0.00,71.57
1357506509,686,9.95,0.00,18.66,0.00,0.00,71.39
1357506510,687,9.52,0.00,18.55,5.51,0.00,66.42
1357506511,688,9.55,0.00,18.59,0.00,0.00,71.86
1357506512,689,8.54,0.00,19.60,0.00,0.00,71.86
1357506513,690,9.73,0.00,18.70,0.00,0.00,71.57
1357506514,691,32.58,0.00,5.26,0.00,0.00,62.16
1357506515,692,36.34,0.00,3.76,0.00,0.00,59.90
1357506516,693,41.10,0.00,2.76,0.00,0.00,56.14
1357506517,694,44.36,0.00,3.76,0.00,0.00,51.88
1357506518,695,33.83,0.00,3.76,0.00,0.00,62.41
1357506519,696,23.56,0.00,2.51,0.00,0.00,73.93
1357506520,697,24.25,0.00,2.00,0.00,0.00,73.75
1357506521,698,25.13,0.00,2.76,1.26,0.00,70.85
1357506522,699,24.75,0.00,2.50,0.00,0.00,72.75
1357506523,700,25.75,0.00,2.50,0.00,0.00,71.75
1357506524,701,25.81,0.00,2.26,0.00,0.00,71.93
1357506525,702,25.06,0.00,3.51,1.75,0.00,69.67
1357506526,703,23.50,0.00,2.75,4.50,0.00,69.25
1357506527,704,24.13,0.00,2.99,0.00,0.00,72.89
1357506528,705,23.37,0.00,2.76,0.00,0.00,73.87
1357506529,706,24.75,0.00,2.75,0.00,0.00,72.50
1357506530,707,23.93,0.00,3.27,0.50,0.00,72.29
1357506531,708,24.31,0.00,2.51,6.02,0.00,67.17
1357506532,709,24.50,0.00,3.50,0.00,0.00,72.00
1357506533,710,25.25,0.00,1.75,0.00,0.00,73.00
1357506534,711,25.06,0.00,4.01,0.00,0.00,70.93
1357506535,712,18.30,0.00,8.77,0.00,0.00,72.93
1357506536,713,18.30,0.00,8.77,0.00,0.00,72.93
1357506537,714,17.59,0.00,9.30,0.00,0.00,73.12
1357506538,715,18.30,0.00,8.77,0.00,0.00,72.93
1357506539,716,17.50,0.00,10.50,0.00,0.00,72.00
1357506540,717,17.75,0.00,9.75,0.00,0.00,72.50
1357506541,718,17.84,0.00,9.30,0.00,0.00,72.86
1357506542,719,6.52,0.00,5.26,0.50,0.00,87.72
1357506543,720,0.00,0.00,1.00,0.00,0.00,99.00
1357506544,721,0.00,0.00,0.75,0.00,0.00,99.25
1357506545,722,0.00,0.00,0.75,0.00,0.00,99.25
1357506546,723,0.00,0.00,1.00,6.77,0.00,92.23
