timestamp,offset,pct_user,pct_nice,pct_system,pct_iowait,pct_steal,pct_idle
1357426001,1,0.25,0.00,0.50,2.24,0.00,97.01
1357426002,2,0.00,0.00,0.50,0.50,0.00,99.00
1357426003,3,0.25,0.00,1.75,3.00,0.00,95.00
1357426004,4,0.00,0.00,0.00,0.00,0.00,100.00
1357426005,5,0.00,0.00,0.50,0.00,0.00,99.50
1357426006,6,5.72,0.00,1.00,16.42,0.25,76.62
1357426007,7,2.02,0.00,1.01,2.77,0.00,94.21
1357426008,8,0.00,0.00,0.50,0.00,0.00,99.50
1357426009,9,0.00,0.00,0.25,2.76,0.00,96.99
1357426010,10,0.25,0.00,0.25,0.00,0.00,99.50
1357426011,11,4.24,0.00,3.49,1.75,0.25,90.27
1357426012,12,18.30,0.00,12.28,0.00,0.00,69.42
1357426013,13,18.41,0.00,12.69,0.00,0.25,68.66
1357426014,14,17.34,0.00,13.07,1.76,0.25,67.59
1357426015,15,19.20,0.00,11.22,0.00,0.25,69.33
1357426016,16,21.39,0.00,7.21,0.00,0.25,71.14
1357426017,17,19.75,0.00,9.00,0.00,0.25,71.00
1357426018,18,20.95,0.00,8.48,0.00,0.00,70.57
1357426019,19,19.35,0.00,10.55,2.26,0.25,67.59
1357426020,20,19.00,0.00,10.25,0.00,0.25,70.50
1357426021,21,19.20,0.00,10.97,0.00,0.25,69.58
1357426022,22,18.84,0.00,9.80,0.00,0.25,71.11
1357426023,23,19.70,0.00,9.34,0.00,0.25,70.71
1357426024,24,19.75,0.00,9.37,8.61,0.00,62.28
1357426025,25,19.35,0.00,9.30,0.00,0.25,71.11
1357426026,26,19.85,0.00,9.55,0.00,0.25,70.35
1357426027,27,20.20,0.00,9.73,0.00,0.25,69.83
1357426028,28,20.00,0.00,10.25,0.00,0.25,69.50
1357426029,29,20.10,0.00,10.05,2.51,0.25,67.09
1357426030,30,20.45,0.00,9.48,0.00,0.25,69.83
1357426031,31,20.30,0.00,9.27,0.00,0.25,70.18
1357426032,32,19.20,0.00,9.73,0.00,0.25,70.82
1357426033,33,18.84,0.00,10.05,0.00,0.25,70.85
1357426034,34,18.99,0.00,9.11,3.54,0.25,68.10
1357426035,35,18.34,0.00,10.80,0.00,0.25,70.60
1357426036,36,18.30,0.00,11.53,0.00,0.00,70.18
1357426037,37,17.87,0.00,13.15,0.00,0.25,68.73
1357426038,38,18.07,0.00,11.45,0.00,0.00,70.48
1357426039,39,16.17,0.00,10.20,8.71,0.50,64.43
1357426040,40,32.84,0.00,3.48,0.00,0.25,63.43
1357426041,41,32.58,0.00,3.01,0.00,0.00,64.41
1357426042,42,35.75,0.00,2.75,0.00,0.25,61.25
1357426043,43,35.91,0.00,3.24,0.00,0.50,60.35
1357426044,44,37.75,0.00,2.75,1.25,0.00,58.25
1357426045,45,32.67,0.00,2.99,0.00,0.25,64.09
1357426046,46,35.18,0.00,2.26,0.00,0.00,62.56
1357426047,47,36.41,0.00,2.49,0.00,0.25,60.85
1357426048,48,36.84,0.00,3.01,0.00,0.25,59.90
1357426049,49,37.84,0.00,3.01,2.01,0.25,56.89
1357426050,50,28.07,0.00,2.26,0.00,0.00,69.67
1357426051,51,31.00,0.00,2.25,0.00,0.25,66.50
1357426052,52,33.83,0.00,2.51,0.00,0.00,63.66
1357426053,53,35.50,0.00,2.50,0.00,0.25,61.75
1357426054,54,36.91,0.00,2.49,1.75,0.00,58.85
1357426055,55,36.41,0.00,2.74,0.00,0.50,60.35
1357426056,56,38.60,0.00,2.76,0.00,0.00,58.65
1357426057,57,37.00,0.00,2.25,0.00,0.25,60.50
1357426058,58,36.59,0.00,3.01,0.00,0.00,60.40
1357426059,59,27.16,0.00,6.17,1.98,1.98,62.72
1357426060,60,20.25,0.00,6.75,0.00,0.25,72.75
1357426061,61,20.10,0.00,7.69,0.00,1.49,70.72
1357426062,62,20.20,0.00,7.48,0.00,0.25,72.07
1357426063,63,19.95,0.00,7.23,0.00,0.50,72.32
1357426064,64,20.25,0.00,7.50,2.25,0.00,70.00
1357426065,65,20.05,0.00,7.02,0.00,0.25,72.68
1357426066,66,20.75,0.00,6.25,0.00,0.25,72.75
1357426067,67,19.55,0.00,7.77,0.00,0.00,72.68
1357426068,68,19.11,0.00,12.16,0.00,0.50,68.24
1357426069,69,18.50,0.00,11.75,4.25,0.25,65.25
1357426070,70,17.04,0.00,14.54,0.00,0.25,68.17
1357426071,71,18.34,0.00,14.32,0.00,0.25,67.09
1357426072,72,20.05,0.00,9.77,0.00,0.00,70.18
1357426073,73,19.40,0.00,9.70,0.00,0.50,70.40
1357426074,74,19.15,0.00,10.70,9.70,0.00,60.45
1357426075,75,18.75,0.00,10.25,0.00,0.25,70.75
1357426076,76,19.11,0.00,11.17,0.00,0.25,69.48
1357426077,77,19.65,0.00,11.44,0.00,0.00,68.91
1357426078,78,19.40,0.00,10.70,0.00,0.25,69.65
1357426079,79,18.70,0.00,10.97,2.24,0.25,67.83
1357426080,80,19.10,0.00,9.80,0.00,0.25,70.85
1357426081,81,19.35,0.00,10.17,0.00,0.25,70.22
1357426082,82,18.91,0.00,10.20,0.00,0.25,70.65
1357426083,83,19.15,0.00,10.70,0.00,0.00,70.15
1357426084,84,19.45,0.00,10.22,2.24,0.25,67.83
1357426085,85,19.60,0.00,10.17,0.00,0.50,69.73
1357426086,86,20.65,0.00,9.70,0.00,0.25,69.40
1357426087,87,20.10,0.00,9.43,0.00,0.25,70.22
1357426088,88,21.30,0.00,8.77,0.00,0.00,69.92
1357426089,89,19.45,0.00,10.47,2.74,0.25,67.08
1357426090,90,18.50,0.00,10.50,0.00,0.50,70.50
1357426091,91,19.20,0.00,10.47,0.00,0.00,70.32
1357426092,92,18.80,0.00,10.53,0.00,0.25,70.43
1357426093,93,18.91,0.00,11.19,0.00,0.25,69.65
1357426094,94,18.50,0.00,11.50,2.00,0.25,67.75
1357426095,95,18.00,0.00,11.50,0.00,0.25,70.25
1357426096,96,24.44,0.00,7.98,0.00,0.50,67.08
1357426097,97,32.33,0.00,3.26,0.00,0.00,64.41
1357426098,98,34.91,0.00,2.99,0.00,0.75,61.35
1357426099,99,35.16,0.00,3.49,0.00,0.75,60.60
1357426100,100,36.75,0.00,3.25,0.00,0.25,59.75
1357426101,101,36.84,0.00,2.76,0.00,0.00,60.40
1357426102,102,32.75,0.00,2.50,0.00,0.25,64.50
1357426103,103,35.50,0.00,2.25,0.00,0.25,62.00
1357426104,104,35.84,0.00,2.51,0.00,0.00,61.65
1357426105,105,37.25,0.00,2.50,0.00,0.50,59.75
1357426106,106,36.16,0.00,3.74,0.00,0.25,59.85
1357426107,107,26.75,0.00,3.25,0.00,0.00,70.00
1357426108,108,30.17,0.00,2.99,0.00,0.25,66.58
1357426109,109,35.00,0.00,2.75,0.00,0.25,62.00
1357426110,110,36.00,0.00,2.25,0.00,0.00,61.75
1357426111,111,37.84,0.00,2.26,0.00,0.25,59.65
1357426112,112,36.25,0.00,2.75,0.00,0.00,61.00
1357426113,113,38.35,0.00,2.51,0.00,0.25,58.90
1357426114,114,37.75,0.00,3.25,0.00,0.00,59.00
1357426115,115,35.00,0.00,2.75,0.00,0.50,61.75
1357426116,116,24.06,0.00,6.52,0.00,0.25,69.17
1357426117,117,19.30,0.00,7.52,0.00,0.25,72.93
1357426118,118,20.00,0.00,6.75,0.00,0.25,73.00
1357426119,119,20.30,0.00,6.27,0.00,0.25,73.18
1357426120,120,19.70,0.00,7.48,0.00,0.00,72.82
1357426121,121,19.90,0.00,7.46,0.00,0.25,72.39
1357426122,122,19.55,0.00,7.77,0.00,0.00,72.68
1357426123,123,19.65,0.00,7.71,0.00,0.25,72.39
1357426124,124,19.10,0.00,8.79,0.00,0.25,71.86
1357426125,125,19.30,0.00,12.78,0.00,0.00,67.92
1357426126,126,19.85,0.00,12.90,0.00,0.25,67.00
1357426127,127,17.16,0.00,14.18,0.00,0.50,68.16
1357426128,128,18.34,0.00,14.07,0.00,0.00,67.59
1357426129,129,19.45,0.00,10.72,0.00,0.25,69.58
1357426130,130,19.55,0.00,9.77,0.00,0.00,70.68
1357426131,131,19.70,0.00,10.47,0.00,0.25,69.58
1357426132,132,18.55,0.00,11.03,0.00,0.00,70.43
1357426133,133,19.65,0.00,10.95,0.00,0.25,69.15
1357426134,134,19.00,0.00,11.00,0.00,0.25,69.75
1357426135,135,19.10,0.00,10.55,0.00,0.25,70.10
1357426136,136,19.25,0.00,10.00,0.00,0.00,70.75
1357426137,137,18.84,0.00,9.55,0.00,0.50,71.11
1357426138,138,19.00,0.00,10.25,0.00,0.00,70.75
1357426139,139,19.05,0.00,10.53,0.00,0.25,70.18
1357426140,140,18.91,0.00,10.70,0.00,0.25,70.15
1357426141,141,18.59,0.00,10.55,0.00,0.25,70.60
1357426142,142,18.91,0.00,10.45,0.00,0.25,70.40
1357426143,143,20.45,0.00,9.48,0.00,0.25,69.83
1357426144,144,19.70,0.00,9.73,0.00,0.50,70.07
1357426145,145,19.70,0.00,9.98,0.00,0.25,70.07
1357426146,146,20.60,0.00,9.68,0.00,0.25,69.48
1357426147,147,19.30,0.00,9.77,0.00,0.25,70.68
1357426148,148,18.66,0.00,10.45,0.00,0.00,70.90
1357426149,149,19.05,0.00,10.28,0.00,0.25,70.43
1357426150,150,18.50,0.00,11.50,0.00,0.00,70.00
1357426151,151,18.32,0.00,12.38,0.00,0.25,69.06
1357426152,152,17.79,0.00,11.78,0.00,0.25,70.18
1357426153,153,20.50,0.00,10.00,0.00,0.25,69.25
1357426154,154,32.91,0.00,2.76,0.00,0.00,64.32
1357426155,155,33.67,0.00,2.74,0.00,0.25,63.34
1357426156,156,35.66,0.00,2.99,0.00,0.50,60.85
1357426157,157,36.25,0.00,2.50,0.00,0.25,61.00
1357426158,158,37.84,0.00,2.76,0.00,0.00,59.40
1357426159,159,32.34,0.00,2.49,0.00,0.25,64.93
1357426160,160,35.34,0.00,2.26,0.00,0.00,62.41
1357426161,161,35.91,0.00,2.49,0.00,0.25,61.35
1357426162,162,36.41,0.00,2.74,0.00,0.25,60.60
1357426163,163,39.10,0.00,3.01,0.00,0.00,57.89
1357426164,164,25.94,0.00,3.24,0.00,0.25,70.57
1357426165,165,30.08,0.00,2.26,0.00,0.00,67.67
1357426166,166,34.59,0.00,2.01,0.00,0.25,63.16
1357426167,167,36.16,0.00,2.49,0.00,0.25,61.10
1357426168,168,36.25,0.00,2.50,0.00,0.00,61.25
1357426169,169,37.41,0.00,2.74,0.00,0.25,59.60
1357426170,170,37.94,0.00,2.51,0.00,0.00,59.55
1357426171,171,37.16,0.00,2.99,0.00,0.50,59.35
1357426172,172,32.58,0.00,2.26,0.00,0.00,65.16
1357426173,173,28.18,0.00,5.74,0.00,0.75,65.34
1357426174,174,20.00,0.00,6.75,0.00,0.25,73.00
1357426175,175,20.00,0.00,7.25,0.00,0.00,72.75
1357426176,176,19.95,0.00,7.23,0.00,0.25,72.57
1357426177,177,20.35,0.00,6.53,0.00,0.25,72.86
1357426178,178,19.45,0.00,7.48,0.00,0.25,72.82
1357426179,179,20.50,0.00,6.75,9.00,0.00,63.75
1357426180,180,20.05,0.00,7.02,0.00,0.25,72.68
1357426181,181,20.05,0.00,7.27,0.00,0.00,72.68
1357426182,182,20.15,0.00,11.69,0.00,0.25,67.91
1357426183,183,19.15,0.00,12.19,0.00,0.25,68.41
1357426184,184,18.20,0.00,14.46,2.00,0.25,65.09
1357426185,185,18.30,0.00,13.03,0.00,0.25,68.42
1357426186,186,19.20,0.00,10.47,0.00,0.25,70.07
1357426187,187,19.20,0.00,9.48,0.00,0.25,71.07
1357426188,188,20.05,0.00,9.02,0.00,0.25,70.68
1357426189,189,20.40,0.00,8.96,1.74,0.25,68.66
1357426190,190,18.66,0.00,11.19,0.00,1.24,68.91
1357426191,191,20.00,0.00,9.00,0.00,0.25,70.75
1357426192,192,20.00,0.00,9.75,0.00,0.00,70.25
1357426193,193,19.50,0.00,9.75,0.00,0.25,70.50
1357426194,194,19.50,0.00,9.75,2.00,0.25,68.50
1357426195,195,20.15,0.00,9.70,0.00,0.25,69.90
1357426196,196,18.89,0.00,10.58,0.00,0.00,70.53
1357426197,197,20.25,0.00,9.50,0.00,0.25,70.00
1357426198,198,18.70,0.00,11.47,0.00,0.00,69.83
1357426199,199,17.79,0.00,10.78,2.26,0.50,68.67
1357426200,200,19.45,0.00,9.73,0.00,0.50,70.32
1357426201,201,20.10,0.00,9.55,0.00,0.00,70.35
1357426202,202,20.25,0.00,9.25,0.00,0.25,70.25
1357426203,203,19.20,0.00,10.47,0.00,0.00,70.32
1357426204,204,17.87,0.00,11.66,2.23,0.25,67.99
1357426205,205,18.39,0.00,10.58,0.00,0.25,70.78
1357426206,206,17.79,0.00,11.28,0.00,0.00,70.93
1357426207,207,18.50,0.00,11.00,0.00,0.25,70.25
1357426208,208,19.20,0.00,10.47,0.00,0.50,69.83
1357426209,209,19.25,0.00,11.00,4.25,0.00,65.50
1357426210,210,25.88,0.00,6.78,0.00,0.25,67.09
1357426211,211,31.67,0.00,3.24,0.00,0.25,64.84
1357426212,212,35.16,0.00,2.49,0.00,0.00,62.34
1357426213,213,35.93,0.00,2.51,0.00,0.25,61.31
1357426214,214,36.91,0.00,2.49,9.73,0.25,50.62
1357426215,215,35.50,0.00,3.00,0.00,0.00,61.50
1357426216,216,33.17,0.00,2.74,0.00,0.25,63.84
1357426217,217,35.82,0.00,2.74,0.00,0.50,60.95
1357426218,218,35.84,0.00,2.51,0.00,0.00,61.65
1357426219,219,37.16,0.00,2.74,2.49,0.50,57.11
1357426220,220,35.59,0.00,2.76,0.00,0.25,61.40
1357426221,221,29.00,0.00,2.50,0.00,0.00,68.50
1357426222,222,28.75,0.00,2.00,0.00,0.00,69.25
1357426223,223,34.91,0.00,2.49,0.00,0.25,62.34
1357426224,224,35.91,0.00,2.49,2.24,0.00,59.35
1357426225,225,38.10,0.00,2.76,0.00,0.75,58.40
1357426226,226,36.00,0.00,2.75,0.00,0.50,60.75
1357426227,227,37.91,0.00,2.74,0.00,0.25,59.10
1357426228,228,37.16,0.00,2.74,0.00,0.25,59.85
1357426229,229,35.68,0.00,3.02,2.26,0.00,59.05
1357426230,230,22.25,0.00,6.75,0.00,0.25,70.75
1357426231,231,19.35,0.00,7.04,0.00,0.25,73.37
1357426232,232,19.55,0.00,7.52,0.00,0.00,72.93
1357426233,233,20.05,0.00,6.52,0.00,0.25,73.18
1357426234,234,20.50,0.00,6.75,3.00,0.00,69.75
1357426235,235,20.55,0.00,6.52,0.00,0.00,72.93
1357426236,236,20.30,0.00,6.52,0.00,0.25,72.93
1357426237,237,20.50,0.00,6.50,0.00,0.00,73.00
1357426238,238,19.50,0.00,9.50,0.00,0.50,70.50
1357426239,239,18.41,0.00,12.44,2.74,0.00,66.42
1357426240,240,17.91,0.00,13.43,0.00,0.50,68.16
1357426241,241,18.45,0.00,13.22,0.00,0.25,68.08
1357426242,242,18.00,0.00,12.25,0.00,0.25,69.50
1357426243,243,19.35,0.00,9.68,0.00,0.50,70.47
1357426244,244,19.50,0.00,10.00,5.25,0.00,65.25
1357426245,245,19.80,0.00,9.27,0.00,0.25,70.68
1357426246,246,19.85,0.00,10.05,0.00,0.25,69.85
1357426247,247,19.35,0.00,10.67,0.00,0.25,69.73
1357426248,248,19.30,0.00,10.78,0.00,0.50,69.42
1357426249,249,19.80,0.00,10.89,7.92,0.50,60.89
1357426250,250,19.55,0.00,9.27,0.00,0.00,71.18
1357426251,251,19.90,0.00,9.07,0.00,0.25,70.78
1357426252,252,19.00,0.00,10.50,0.00,0.25,70.25
1357426253,253,19.50,0.00,10.00,0.00,0.25,70.25
1357426254,254,19.35,0.00,9.80,2.51,0.25,68.09
1357426255,255,19.50,0.00,10.25,0.00,0.25,70.00
1357426256,256,19.50,0.00,10.25,0.00,0.00,70.25
1357426257,257,20.00,0.00,9.50,0.00,0.25,70.25
1357426258,258,20.25,0.00,9.25,0.00,0.25,70.25
1357426259,259,19.70,0.00,9.48,2.24,0.50,68.08
1357426260,260,19.75,0.00,10.25,0.00,0.00,70.00
1357426261,261,19.25,0.00,10.25,0.00,0.25,70.25
1357426262,262,18.70,0.00,10.47,0.00,0.00,70.82
1357426263,263,17.96,0.00,10.72,0.00,0.25,71.07
1357426264,264,18.05,0.00,11.53,2.76,0.25,67.42
1357426265,265,18.11,0.00,11.66,0.00,0.25,69.98
1357426266,266,18.45,0.00,11.22,0.00,0.25,70.07
1357426267,267,33.75,0.00,3.25,0.00,0.25,62.75
1357426268,268,33.25,0.00,3.50,0.00,0.00,63.25
1357426269,269,36.34,0.00,2.01,4.51,0.25,56.89
1357426270,270,36.59,0.00,2.76,0.00,0.00,60.65
1357426271,271,36.91,0.00,2.99,0.00,0.25,59.85
1357426272,272,33.50,0.00,3.00,0.00,0.25,63.25
1357426273,273,35.50,0.00,2.25,0.00,0.25,62.00
1357426274,274,36.25,0.00,2.25,2.75,0.25,58.50
1357426275,275,37.34,0.00,3.26,0.00,0.00,59.40
1357426276,276,35.57,0.00,3.23,0.00,0.25,60.95
1357426277,277,31.58,0.00,2.01,0.00,0.00,66.42
1357426278,278,28.93,0.00,3.24,0.00,0.25,67.58
1357426279,279,33.08,0.00,2.26,3.51,0.00,61.15
1357426280,280,35.09,0.00,2.26,0.00,0.00,62.66
1357426281,281,35.41,0.00,2.49,0.00,0.25,61.85
1357426282,282,39.45,0.00,2.26,0.00,0.00,58.29
1357426283,283,36.16,0.00,2.24,0.00,0.25,61.35
1357426284,284,36.91,0.00,2.74,9.48,0.25,50.62
1357426285,285,39.25,0.00,3.25,0.00,0.00,57.50
1357426286,286,28.75,0.00,3.00,0.00,0.00,68.25
1357426287,287,20.20,0.00,6.23,0.00,0.75,72.82
1357426288,288,20.30,0.00,6.52,0.00,0.00,73.18
1357426289,289,19.75,0.00,7.25,2.75,0.25,70.00
1357426290,290,19.75,0.00,7.25,0.00,0.25,72.75
1357426291,291,19.85,0.00,6.78,0.00,0.25,73.12
1357426292,292,20.05,0.00,7.02,0.00,0.00,72.93
1357426293,293,20.10,0.00,6.78,0.00,0.25,72.86
1357426294,294,20.10,0.00,7.04,2.51,0.00,70.35
1357426295,295,19.75,0.00,9.00,0.00,0.50,70.75
1357426296,296,18.11,0.00,12.66,0.00,0.25,68.98
1357426297,297,18.41,0.00,12.69,0.00,0.25,68.66
1357426298,298,17.96,0.00,12.97,0.00,0.25,68.83
1357426299,299,19.15,0.00,10.95,2.74,0.25,66.92
1357426300,300,19.55,0.00,9.52,0.00,0.25,70.68
1357426301,301,20.25,0.00,10.00,0.00,0.00,69.75
1357426302,302,20.15,0.00,9.70,0.00,0.25,69.90
1357426303,303,19.25,0.00,10.25,0.00,0.50,70.00
1357426304,304,19.60,0.00,10.05,2.51,0.25,67.59
1357426305,305,19.60,0.00,10.92,0.00,0.25,69.23
1357426306,306,18.75,0.00,10.75,0.00,0.25,70.25
1357426307,307,18.75,0.00,9.75,0.00,0.25,71.25
1357426308,308,19.45,0.00,10.22,0.00,0.00,70.32
1357426309,309,19.60,0.00,9.80,2.51,0.25,67.84
1357426310,310,18.86,0.00,10.67,0.00,0.50,69.98
1357426311,311,18.84,0.00,9.80,0.00,0.25,71.11
1357426312,312,18.91,0.00,10.20,0.00,0.50,70.40
1357426313,313,19.75,0.00,10.25,0.00,0.00,70.00
1357426314,314,20.65,0.00,9.45,3.48,0.25,66.17
1357426315,315,20.40,0.00,8.82,0.00,0.00,70.78
1357426316,316,19.95,0.00,10.22,0.00,0.25,69.58
1357426317,317,19.25,0.00,9.50,0.00,0.25,71.00
1357426318,318,18.70,0.00,10.47,0.00,0.75,70.07
1357426319,319,19.05,0.00,9.77,10.03,0.00,61.15
1357426320,320,18.66,0.00,10.45,0.00,0.75,70.15
1357426321,321,18.20,0.00,11.97,0.00,1.00,68.83
1357426322,322,17.66,0.00,12.44,0.00,0.25,69.65
1357426323,323,18.45,0.00,11.97,0.00,0.25,69.33
1357426324,324,33.00,0.00,3.00,3.75,0.25,60.00
1357426325,325,32.59,0.00,2.99,0.00,0.25,64.18
1357426326,326,36.25,0.00,2.75,0.00,0.75,60.25
1357426327,327,36.34,0.00,2.26,0.00,0.00,61.40
1357426328,328,37.81,0.00,3.23,0.00,0.00,58.96
1357426329,329,32.50,0.00,2.50,0.50,0.25,64.25
1357426330,330,35.34,0.00,2.26,0.00,0.25,62.16
1357426331,331,36.25,0.00,2.25,0.00,0.25,61.25
1357426332,332,37.00,0.00,2.50,0.00,0.25,60.25
1357426333,333,39.30,0.00,3.73,0.00,0.25,56.72
1357426334,334,27.57,0.00,2.76,0.00,0.00,69.67
1357426335,335,31.75,0.00,2.75,0.00,0.25,65.25
1357426336,336,34.25,0.00,2.25,0.00,0.25,63.25
1357426337,337,36.00,0.00,2.50,0.00,0.00,61.50
1357426338,338,36.66,0.00,2.24,0.00,0.25,60.85
1357426339,339,37.34,0.00,2.26,1.25,0.25,58.90
1357426340,340,38.75,0.00,2.50,0.00,0.00,58.75
1357426341,341,38.50,0.00,2.75,0.00,0.25,58.50
1357426342,342,35.00,0.00,2.50,0.00,0.00,62.50
1357426343,343,26.68,0.00,5.74,0.00,0.50,67.08
1357426344,344,20.05,0.00,6.52,3.01,0.00,70.43
1357426345,345,20.10,0.00,6.78,0.00,0.25,72.86
1357426346,346,20.40,0.00,6.97,0.00,0.25,72.39
1357426347,347,19.80,0.00,6.77,0.00,0.00,73.43
1357426348,348,20.45,0.00,6.23,0.00,0.50,72.82
1357426349,349,20.50,0.00,6.25,3.50,0.00,69.75
1357426350,350,20.65,0.00,6.22,0.00,0.25,72.89
1357426351,351,19.50,0.00,8.00,0.00,0.50,72.00
1357426352,352,18.25,0.00,13.00,0.00,0.25,68.50
1357426353,353,19.15,0.00,13.43,0.00,0.25,67.16
1357426354,354,17.37,0.00,13.90,8.68,0.50,59.55
1357426355,355,18.70,0.00,13.97,0.00,0.00,67.33
1357426356,356,19.30,0.00,9.77,0.00,0.25,70.68
1357426357,357,20.70,0.00,9.23,0.00,0.00,70.07
1357426358,358,19.50,0.00,9.50,0.00,0.25,70.75
1357426359,359,19.45,0.00,9.98,2.49,0.25,67.83
1357426360,360,19.70,0.00,10.97,0.00,0.25,69.08
1357426361,361,18.59,0.00,11.31,0.00,0.25,69.85
1357426362,362,19.50,0.00,11.00,0.00,0.25,69.25
1357426363,363,19.40,0.00,10.95,0.00,0.00,69.65
1357426364,364,19.55,0.00,10.03,1.75,0.25,68.42
1357426365,365,18.64,0.00,10.08,0.00,0.25,71.03
1357426366,366,19.95,0.00,9.73,0.00,0.00,70.32
1357426367,367,19.00,0.00,10.75,0.00,0.25,70.00
1357426368,368,19.65,0.00,9.95,0.00,0.25,70.15
1357426369,369,19.65,0.00,9.70,2.24,0.25,68.16
1357426370,370,19.85,0.00,9.43,0.00,0.50,70.22
1357426371,371,20.35,0.00,9.68,0.00,0.25,69.73
1357426372,372,20.50,0.00,9.25,0.00,0.00,70.25
1357426373,373,20.95,0.00,9.23,0.00,0.25,69.58
1357426374,374,19.20,0.00,9.98,3.74,0.25,66.83
1357426375,375,18.75,0.00,10.50,0.00,0.25,70.50
1357426376,376,19.85,0.00,9.93,0.00,0.00,70.22
1357426377,377,19.00,0.00,10.75,0.00,0.00,70.25
1357426378,378,17.59,0.00,12.31,0.00,0.25,69.85
1357426379,379,17.66,0.00,11.94,2.49,0.25,67.66
1357426380,380,24.81,0.00,7.77,0.00,0.25,67.17
1357426381,381,32.67,0.00,3.24,0.00,0.25,63.84
1357426382,382,34.16,0.00,2.74,0.00,0.75,62.34
1357426383,383,35.66,0.00,3.24,0.00,0.75,60.35
1357426384,384,37.00,0.00,2.75,4.25,0.25,55.75
1357426385,385,36.25,0.00,2.75,0.00,0.25,60.75
1357426386,386,32.66,0.00,2.26,0.00,0.00,65.08
1357426387,387,35.25,0.00,2.50,0.00,0.00,62.25
1357426388,388,35.91,0.00,2.49,0.00,0.25,61.35
1357426389,389,37.75,0.00,2.75,9.50,0.50,49.50
1357426390,390,36.91,0.00,2.74,0.00,0.25,60.10
1357426391,391,29.50,0.00,2.50,0.00,0.25,67.75
1357426392,392,30.67,0.00,2.49,0.00,0.00,66.83
1357426393,393,35.50,0.00,2.25,0.00,0.25,62.00
1357426394,394,36.75,0.00,2.50,0.00,0.00,60.75
1357426395,395,37.59,0.00,2.76,0.00,0.25,59.40
1357426396,396,36.23,0.00,2.73,0.00,0.25,60.79
1357426397,397,36.59,0.00,2.76,0.00,0.00,60.65
1357426398,398,39.45,0.00,2.76,0.00,0.25,57.54
1357426399,399,34.16,0.00,2.99,0.00,0.00,62.84
1357426400,400,23.50,0.00,5.75,0.00,0.50,70.25
1357426401,401,20.05,0.00,6.52,0.00,0.00,73.43
1357426402,402,20.50,0.00,6.75,0.00,0.00,72.75
1357426403,403,19.95,0.00,7.23,0.00,0.25,72.57
1357426404,404,20.30,0.00,6.77,3.01,0.00,69.92
1357426405,405,19.75,0.00,7.25,0.00,0.25,72.75
1357426406,406,19.95,0.00,6.98,0.00,0.25,72.82
1357426407,407,20.25,0.00,6.50,0.00,0.25,73.00
1357426408,408,19.45,0.00,9.48,0.00,0.50,70.57
1357426409,409,19.00,0.00,11.75,2.50,0.00,66.75
1357426410,410,18.20,0.00,12.72,0.00,0.25,68.83
1357426411,411,18.45,0.00,13.22,0.00,0.25,68.08
1357426412,412,19.45,0.00,11.22,0.00,0.25,69.08
1357426413,413,19.45,0.00,10.72,0.00,0.00,69.83
1357426414,414,20.05,0.00,9.77,2.51,0.50,67.17
1357426415,415,19.50,0.00,10.25,0.00,0.00,70.25
1357426416,416,19.44,0.00,9.60,0.00,0.25,70.71
1357426417,417,19.30,0.00,11.03,0.00,0.25,69.42
1357426418,418,19.35,0.00,10.30,0.00,0.25,70.10
1357426419,419,19.15,0.00,10.70,4.23,0.25,65.67
1357426420,420,19.70,0.00,9.48,0.00,0.00,70.82
1357426421,421,19.95,0.00,9.23,0.00,0.25,70.57
1357426422,422,19.65,0.00,9.20,0.00,0.25,70.90
1357426423,423,19.45,0.00,9.48,0.00,0.25,70.82
1357426424,424,19.00,0.00,10.50,10.50,0.25,59.75
1357426425,425,19.60,0.00,10.17,0.00,0.00,70.22
1357426426,426,19.40,0.00,9.70,0.00,0.25,70.65
1357426427,427,20.55,0.00,9.77,0.00,0.25,69.42
1357426428,428,20.84,0.00,9.68,0.00,0.25,69.23
1357426429,429,20.90,0.00,9.95,2.49,0.00,66.67
1357426430,430,19.15,0.00,10.45,0.00,0.50,69.90
1357426431,431,19.15,0.00,9.95,0.00,0.25,70.65
1357426432,432,18.70,0.00,10.72,0.00,0.25,70.32
1357426433,433,19.20,0.00,10.22,0.00,0.25,70.32
1357426434,434,17.79,0.00,11.03,2.76,0.25,68.17
1357426435,435,17.46,0.00,11.97,0.00,0.50,70.07
1357426436,436,17.25,0.00,11.75,0.00,0.75,70.25
1357426437,437,32.59,0.00,3.98,0.00,0.50,62.94
1357426438,438,32.66,0.00,2.51,0.00,0.00,64.82
1357426439,439,35.66,0.00,2.49,2.99,0.25,58.60
1357426440,440,36.41,0.00,2.99,0.00,0.50,60.10
1357426441,441,36.66,0.00,3.24,0.00,0.25,59.85
1357426442,442,33.58,0.00,2.51,0.00,0.00,63.91
1357426443,443,35.25,0.00,2.50,0.00,0.25,62.00
1357426444,444,36.09,0.00,2.26,2.51,0.00,59.15
1357426445,445,36.75,0.00,2.50,0.00,0.25,60.50
1357426446,446,35.82,0.00,3.73,0.00,0.75,59.70
1357426447,447,31.02,0.00,2.23,0.00,0.99,65.76
1357426448,448,28.25,0.00,2.75,0.00,0.25,68.75
1357426449,449,32.33,0.00,2.26,2.51,0.25,62.66
1357426450,450,35.91,0.00,2.74,0.00,0.25,61.10
1357426451,451,36.00,0.00,2.00,0.00,0.25,61.75
1357426452,452,38.25,0.00,2.50,0.00,0.25,59.00
1357426453,453,36.75,0.00,2.75,0.00,0.25,60.25
1357426454,454,36.34,0.00,2.51,4.26,0.25,56.64
1357426455,455,40.15,0.00,3.49,0.00,0.00,56.36
1357426456,456,31.17,0.00,2.74,0.00,0.50,65.59
1357426457,457,20.40,0.00,7.05,0.00,0.00,72.54
1357426458,458,20.25,0.00,6.75,0.00,0.25,72.75
1357426459,459,19.85,0.00,7.04,8.79,0.00,64.32
1357426460,460,19.90,0.00,6.80,0.00,0.25,73.05
1357426461,461,19.95,0.00,6.73,0.00,0.25,73.07
1357426462,462,20.55,0.00,6.52,0.00,0.00,72.93
1357426463,463,19.55,0.00,7.27,0.00,0.25,72.93
1357426464,464,20.25,0.00,7.00,2.50,0.00,70.25
1357426465,465,18.56,0.00,10.15,0.00,0.99,70.30
1357426466,466,17.79,0.00,12.78,0.00,0.00,69.42
1357426467,467,17.96,0.00,12.97,0.00,0.25,68.83
1357426468,468,17.50,0.00,14.50,0.00,0.25,67.75
1357426469,469,18.64,0.00,11.59,2.52,0.00,67.25
1357426470,470,19.30,0.00,10.28,0.00,0.25,70.18
1357426471,471,19.60,0.00,9.80,0.00,0.00,70.60
1357426472,472,19.25,0.00,9.75,0.00,0.25,70.75
1357426473,473,19.85,0.00,9.30,0.00,0.00,70.85
1357426474,474,19.85,0.00,10.67,1.99,0.50,67.00
1357426475,475,18.66,0.00,11.94,0.00,0.25,69.15
1357426476,476,18.20,0.00,11.22,0.00,0.25,70.32
1357426477,477,19.35,0.00,10.17,0.00,0.25,70.22
1357426478,478,19.95,0.00,9.98,0.00,0.25,69.83
1357426479,479,18.75,0.00,9.75,2.25,0.25,69.00
1357426480,480,19.30,0.00,10.53,0.00,0.25,69.92
1357426481,481,19.10,0.00,10.05,0.00,0.25,70.60
1357426482,482,19.50,0.00,9.50,0.00,0.00,71.00
1357426483,483,19.90,0.00,10.20,0.00,0.25,69.65
1357426484,484,20.45,0.00,9.73,2.49,0.25,67.08
1357426485,485,20.84,0.00,8.93,0.00,0.25,69.98
1357426486,486,20.10,0.00,9.43,0.00,0.25,70.22
1357426487,487,19.00,0.00,9.75,0.00,0.25,71.00
1357426488,488,19.80,0.00,9.02,0.00,0.00,71.18
1357426489,489,19.31,0.00,9.90,3.71,0.50,66.58
1357426490,490,19.25,0.00,9.25,0.00,0.25,71.25
1357426491,491,18.25,0.00,10.50,0.00,0.00,71.25
1357426492,492,18.34,0.00,10.05,0.00,0.25,71.36
1357426493,493,23.33,0.00,8.19,0.00,0.74,67.74
1357426494,494,31.67,0.00,3.49,8.98,0.00,55.86
1357426495,495,34.41,0.00,2.74,0.00,0.25,62.59
1357426496,496,36.18,0.00,2.26,0.00,0.00,61.56
1357426497,497,37.75,0.00,2.25,0.00,0.25,59.75
1357426498,498,36.32,0.00,2.49,0.00,0.25,60.95
1357426499,499,32.58,0.00,2.26,2.76,0.00,62.41
1357426500,500,35.75,0.00,2.75,0.00,0.00,61.50
1357426501,501,36.00,0.00,2.50,0.00,0.25,61.25
1357426502,502,36.75,0.00,3.00,0.00,0.25,60.00
1357426503,503,36.84,0.00,3.26,0.00,0.00,59.90
1357426504,504,29.43,0.00,2.99,2.49,0.25,64.84
1357426505,505,29.25,0.00,2.00,0.00,0.25,68.50
1357426506,506,34.84,0.00,2.01,0.00,0.00,63.16
1357426507,507,36.09,0.00,2.26,0.00,0.00,61.65
1357426508,508,37.66,0.00,2.99,0.00,0.25,59.10
1357426509,509,36.41,0.00,2.24,2.49,0.25,58.60
1357426510,510,37.75,0.00,2.25,0.00,0.25,59.75
1357426511,511,37.75,0.00,2.75,0.00,0.00,59.50
1357426512,512,36.41,0.00,3.49,0.00,0.25,59.85
1357426513,513,22.36,0.00,6.28,0.00,0.25,71.11
1357426514,514,19.95,0.00,6.73,2.99,0.25,70.07
1357426515,515,19.75,0.00,7.25,0.00,0.00,73.00
1357426516,516,20.25,0.00,6.75,0.00,0.25,72.75
1357426517,517,20.25,0.00,6.75,0.00,0.25,72.75
1357426518,518,20.35,0.00,6.78,0.00,0.00,72.86
1357426519,519,20.25,0.00,7.00,2.50,0.25,70.00
1357426520,520,19.75,0.00,7.00,0.00,0.25,73.00
1357426521,521,19.45,0.00,9.48,0.00,0.25,70.82
1357426522,522,19.30,0.00,12.28,0.00,0.25,68.17
1357426523,523,18.86,0.00,12.90,0.00,0.25,67.99
1357426524,524,17.88,0.00,14.36,4.28,0.00,63.48
1357426525,525,17.50,0.00,13.50,0.00,0.25,68.75
1357426526,526,19.75,0.00,9.75,0.00,0.25,70.25
1357426527,527,19.10,0.00,10.55,0.00,0.00,70.35
1357426528,528,19.65,0.00,9.45,0.00,0.50,70.40
1357426529,529,20.00,0.00,9.75,10.50,0.25,59.50
1357426530,530,19.45,0.00,10.72,0.00,0.25,69.58
1357426531,531,18.80,0.00,11.03,0.00,0.25,69.92
1357426532,532,20.05,0.00,10.89,0.00,0.25,68.81
1357426533,533,19.40,0.00,9.95,0.00,0.25,70.40
1357426534,534,19.80,0.00,9.52,2.26,0.25,68.17
1357426535,535,19.20,0.00,10.22,0.00,0.00,70.57
1357426536,536,18.80,0.00,10.03,0.00,0.25,70.93
1357426537,537,19.15,0.00,9.95,0.00,0.25,70.65
1357426538,538,19.65,0.00,10.20,0.00,0.25,69.90
1357426539,539,20.05,0.00,9.52,2.26,0.25,67.92
1357426540,540,20.35,0.00,9.93,0.00,0.00,69.73
1357426541,541,20.30,0.00,9.27,0.00,0.25,70.18
1357426542,542,21.14,0.00,9.70,0.00,0.00,69.15
1357426543,543,20.25,0.00,9.00,0.00,0.25,70.50
1357426544,544,19.00,0.00,10.00,2.00,0.25,68.75
1357426545,545,18.75,0.00,10.50,0.00,0.25,70.50
1357426546,546,19.30,0.00,10.03,0.00,0.00,70.68
1357426547,547,18.86,0.00,11.41,0.00,0.25,69.48
1357426548,548,17.75,0.00,12.75,0.00,0.00,69.50
1357426549,549,18.95,0.00,11.47,2.74,0.25,66.58
1357426550,550,25.44,0.00,7.48,0.00,0.50,66.58
1357426551,551,31.83,0.00,3.26,0.00,0.25,64.66
1357426552,552,35.00,0.00,2.25,0.00,0.00,62.75
1357426553,553,36.18,0.00,2.26,0.00,0.00,61.56
1357426554,554,37.25,0.00,2.50,2.50,0.25,57.50
1357426555,555,35.50,0.00,3.25,0.00,0.25,61.00
1357426556,556,32.75,0.00,2.48,0.00,0.50,64.27
1357426557,557,35.93,0.00,2.51,0.00,0.25,61.31
1357426558,558,36.57,0.00,2.24,0.00,0.25,60.95
1357426559,559,37.09,0.00,2.51,3.76,0.25,56.39
1357426560,560,36.50,0.00,2.75,0.25,0.00,60.50
1357426561,561,29.07,0.00,3.01,0.00,0.00,67.92
1357426562,562,29.75,0.00,1.75,0.00,0.25,68.25
1357426563,563,34.58,0.00,3.23,0.00,0.25,61.94
1357426564,564,36.09,0.00,2.26,2.76,0.00,58.90
1357426565,565,37.75,0.00,2.75,5.50,0.50,53.50
1357426566,566,36.75,0.00,2.50,0.00,0.00,60.75
1357426567,567,37.00,0.00,3.00,0.00,0.25,59.75
1357426568,568,39.50,0.00,2.75,0.00,0.25,57.50
1357426569,569,31.83,0.00,1.75,1.50,0.00,64.91
1357426570,570,25.75,0.00,5.75,1.00,0.25,67.25
1357426571,571,19.80,0.00,7.02,0.00,0.25,72.93
1357426572,572,20.05,0.00,7.02,0.00,0.00,72.93
1357426573,573,19.75,0.00,7.00,0.00,0.25,73.00
1357426574,574,20.50,0.00,6.50,0.00,0.00,73.00
1357426575,575,20.55,0.00,6.52,0.00,0.25,72.68
1357426576,576,20.25,0.00,7.00,0.00,0.00,72.75
1357426577,577,19.95,0.00,7.48,0.00,0.25,72.32
1357426578,578,17.50,0.00,6.25,0.00,0.25,76.00
1357426579,579,0.00,0.00,0.00,0.00,0.00,100.00
1357426580,580,0.00,0.00,0.00,4.25,0.00,95.75
1357426581,581,0.00,0.00,0.00,0.00,0.00,100.00
1357426582,582,0.00,0.00,0.00,0.00,0.00,100.00
