timestamp,offset,pct_user,pct_nice,pct_system,pct_iowait,pct_steal,pct_idle
1357422292,1,0.00,0.00,0.25,3.51,0.00,96.24
1357422293,2,0.00,0.00,0.25,1.25,0.00,98.50
1357422294,3,0.00,0.00,0.25,0.00,0.00,99.75
1357422295,4,0.00,0.00,0.25,3.27,0.00,96.48
1357422296,5,0.25,0.00,0.25,2.75,0.00,96.75
1357422297,6,5.50,0.00,4.50,15.25,1.25,73.50
1357422298,7,2.00,0.00,1.50,3.25,0.00,93.25
1357422299,8,0.25,0.00,0.25,0.00,0.00,99.50
1357422300,9,0.00,0.00,0.50,9.98,0.00,89.53
1357422301,10,0.25,0.00,0.50,0.00,0.00,99.25
1357422302,11,0.25,0.00,0.75,8.52,0.00,90.48
1357422303,12,18.25,0.00,11.75,1.25,0.25,68.50
1357422304,13,18.61,0.00,12.41,0.00,0.25,68.73
1357422305,14,19.05,0.00,11.78,2.01,0.00,67.17
1357422306,15,19.00,0.00,12.75,0.00,0.25,68.00
1357422307,16,20.40,0.00,7.71,12.94,0.25,58.71
1357422308,17,21.20,0.00,7.73,11.97,0.00,59.10
1357422309,18,20.60,0.00,7.69,14.64,0.25,56.82
1357422310,19,20.75,0.00,7.00,13.75,0.25,58.25
1357422311,20,21.04,0.00,7.67,14.60,0.25,56.44
1357422312,21,20.05,0.00,9.27,3.76,0.00,66.92
1357422313,22,19.25,0.00,11.00,0.00,0.25,69.50
1357422314,23,19.25,0.00,11.25,0.00,0.25,69.25
1357422315,24,19.35,0.00,9.93,8.68,0.25,61.79
1357422316,25,17.20,0.00,10.57,14.25,3.44,54.55
1357422317,26,20.30,0.00,8.66,0.50,0.25,70.30
1357422318,27,20.00,0.00,8.25,14.00,0.25,57.50
1357422319,28,20.20,0.00,7.98,13.22,0.25,58.35
1357422320,29,20.45,0.00,7.98,13.97,0.25,57.36
1357422321,30,20.80,0.00,8.02,13.53,0.00,57.64
1357422322,31,20.15,0.00,8.46,11.94,0.25,59.20
1357422323,32,20.65,0.00,7.96,13.43,0.25,57.71
1357422324,33,20.60,0.00,7.54,11.06,0.00,60.80
1357422325,34,19.35,0.00,9.43,11.66,0.99,58.56
1357422326,35,21.04,0.00,8.42,13.37,0.25,56.93
1357422327,36,21.73,0.00,7.65,11.11,0.25,59.26
1357422328,37,20.55,0.00,7.52,8.52,0.50,62.91
1357422329,38,21.09,0.00,7.44,10.17,0.25,61.04
1357422330,39,21.09,0.00,7.69,9.68,0.25,61.29
1357422331,40,20.20,0.00,8.23,9.73,0.50,61.35
1357422332,41,19.60,0.00,9.43,0.00,0.00,70.97
1357422333,42,18.95,0.00,9.48,0.00,0.50,71.07
1357422334,43,19.06,0.00,9.90,0.00,0.25,70.79
1357422335,44,18.70,0.00,10.72,9.48,0.25,60.85
1357422336,45,18.81,0.00,10.89,0.00,0.25,70.05
1357422337,46,17.04,0.00,9.02,2.01,0.00,71.93
1357422338,47,30.75,0.00,3.75,1.00,0.25,64.25
1357422339,48,32.00,0.00,3.00,0.00,0.25,64.75
1357422340,49,35.00,0.00,3.00,0.00,0.00,62.00
1357422341,50,36.09,0.00,2.51,0.00,0.25,61.15
1357422342,51,36.25,0.00,3.25,0.00,0.00,60.50
1357422343,52,33.25,0.00,2.75,1.00,0.25,62.75
1357422344,53,35.34,0.00,2.26,0.00,0.00,62.41
1357422345,54,35.50,0.00,2.25,0.00,0.00,62.25
1357422346,55,38.90,0.00,2.74,0.00,0.25,58.10
1357422347,56,35.84,0.00,2.26,0.00,0.25,61.65
1357422348,57,32.75,0.00,2.50,0.00,0.00,64.75
1357422349,58,28.75,0.00,2.75,0.00,0.25,68.25
1357422350,59,30.00,0.00,2.50,0.00,0.00,67.50
1357422351,60,34.84,0.00,2.26,0.00,0.25,62.66
1357422352,61,35.66,0.00,2.74,0.00,0.75,60.85
1357422353,62,37.44,0.00,2.26,1.51,0.00,58.79
1357422354,63,36.82,0.00,3.23,0.00,1.00,58.96
1357422355,64,35.64,0.00,3.22,0.00,0.99,60.15
1357422356,65,38.65,0.00,3.24,0.00,0.75,57.36
1357422357,66,29.75,0.00,2.50,0.00,0.00,67.75
1357422358,67,27.75,0.00,5.25,8.50,0.50,58.00
1357422359,68,20.30,0.00,6.52,9.77,0.00,63.41
1357422360,69,19.70,0.00,6.98,17.21,0.25,55.86
1357422361,70,20.00,0.00,6.50,21.75,0.25,51.50
1357422362,71,19.00,0.00,7.75,19.25,0.50,53.50
1357422363,72,18.20,0.00,8.48,18.70,0.50,54.11
1357422364,73,18.59,0.00,8.04,23.37,0.25,49.75
1357422365,74,19.35,0.00,7.69,19.35,0.25,53.35
1357422366,75,19.00,0.00,7.75,18.50,0.25,54.50
1357422367,76,18.91,0.00,7.96,23.63,0.25,49.25
1357422368,77,19.25,0.00,7.50,23.25,0.25,49.75
1357422369,78,19.00,0.00,7.50,16.75,0.25,56.50
1357422370,79,19.25,0.00,7.50,20.50,0.25,52.50
1357422371,80,18.50,0.00,9.50,15.50,1.00,55.50
1357422372,81,18.41,0.00,12.44,8.71,0.00,60.45
1357422373,82,18.70,0.00,13.22,0.00,0.25,67.83
1357422374,83,17.79,0.00,14.54,0.00,0.25,67.42
1357422375,84,17.41,0.00,14.43,0.25,0.25,67.66
1357422376,85,19.95,0.00,8.98,15.46,0.00,55.61
1357422377,86,20.70,0.00,7.73,10.47,0.50,60.60
1357422378,87,19.10,0.00,9.05,13.32,0.25,58.29
1357422379,88,20.40,0.00,8.21,13.18,0.50,57.71
1357422380,89,19.95,0.00,8.73,12.72,0.25,58.35
1357422381,90,20.05,0.00,8.27,13.78,0.25,57.64
1357422382,91,18.66,0.00,11.19,2.74,0.50,66.92
1357422383,92,19.35,0.00,10.80,0.00,0.00,69.85
1357422384,93,19.00,0.00,10.75,1.75,0.50,68.00
1357422385,94,20.95,0.00,7.48,13.22,0.25,58.10
1357422386,95,19.40,0.00,8.46,10.45,0.50,61.19
1357422387,96,19.45,0.00,8.98,13.22,0.25,58.10
1357422388,97,19.50,0.00,8.50,14.75,0.25,57.00
1357422389,98,19.70,0.00,7.98,13.47,0.50,58.35
1357422390,99,19.80,0.00,8.27,13.78,0.00,58.15
1357422391,100,19.31,0.00,8.66,10.64,0.50,60.89
1357422392,101,19.50,0.00,8.50,11.00,0.25,60.75
1357422393,102,19.50,0.00,8.50,11.25,0.25,60.50
1357422394,103,19.50,0.00,8.25,10.00,0.25,62.00
1357422395,104,19.50,0.00,8.50,9.75,0.25,62.00
1357422396,105,20.40,0.00,8.21,10.20,0.75,60.45
1357422397,106,20.39,0.00,9.58,14.50,1.47,54.05
1357422398,107,21.30,0.00,7.27,10.53,0.25,60.65
1357422399,108,20.84,0.00,7.69,9.68,0.25,61.54
1357422400,109,21.05,0.00,7.52,10.28,0.00,61.15
1357422401,110,19.15,0.00,10.45,0.00,0.50,69.90
1357422402,111,18.55,0.00,10.53,0.00,0.50,70.43
1357422403,112,19.25,0.00,10.25,0.00,0.00,70.50
1357422404,113,18.70,0.00,10.47,2.24,0.25,68.33
1357422405,114,18.50,0.00,11.25,10.75,0.25,59.25
1357422406,115,18.16,0.00,11.69,0.00,0.50,69.65
1357422407,116,19.80,0.00,10.53,3.26,0.25,66.17
1357422408,117,32.75,0.00,3.00,0.00,0.25,64.00
1357422409,118,32.67,0.00,2.99,0.00,0.25,64.09
1357422410,119,35.59,0.00,2.76,0.00,0.00,61.65
1357422411,120,35.75,0.00,2.75,0.00,0.25,61.25
1357422412,121,37.75,0.00,3.00,0.00,0.25,59.00
1357422413,122,31.92,0.00,2.74,1.50,0.00,63.84
1357422414,123,35.50,0.00,2.00,0.00,0.25,62.25
1357422415,124,35.68,0.00,2.51,0.00,0.00,61.81
1357422416,125,36.75,0.00,2.50,0.00,0.25,60.50
1357422417,126,38.00,0.00,3.50,0.00,0.25,58.25
1357422418,127,28.25,0.00,2.50,0.00,0.25,69.00
1357422419,128,28.57,0.00,1.75,0.00,0.00,69.67
1357422420,129,33.25,0.00,2.50,0.00,0.25,64.00
1357422421,130,35.00,0.00,2.25,0.00,0.25,62.50
1357422422,131,36.00,0.00,2.50,0.00,0.00,61.50
1357422423,132,37.91,0.00,2.49,1.50,0.25,57.86
1357422424,133,37.34,0.00,2.76,0.00,0.00,59.90
1357422425,134,35.25,0.00,3.00,0.00,0.50,61.25
1357422426,135,41.25,0.00,3.25,0.00,0.25,55.25
1357422427,136,29.00,0.00,2.50,0.00,0.25,68.25
1357422428,137,22.58,0.00,6.70,8.19,0.25,62.28
1357422429,138,20.30,0.00,6.27,10.03,0.25,63.16
1357422430,139,19.25,0.00,7.25,20.75,0.25,52.50
1357422431,140,18.55,0.00,8.27,20.80,0.25,52.13
1357422432,141,19.45,0.00,7.23,17.71,0.25,55.36
1357422433,142,18.80,0.00,7.52,21.55,0.25,51.88
1357422434,143,18.91,0.00,7.96,17.16,0.50,55.47
1357422435,144,18.55,0.00,7.77,21.05,0.25,52.38
1357422436,145,19.45,0.00,7.48,17.21,0.00,55.86
1357422437,146,18.20,0.00,8.73,29.18,0.25,43.64
1357422438,147,18.45,0.00,7.98,23.94,0.75,48.88
1357422439,148,19.40,0.00,7.21,18.91,0.50,53.98
1357422440,149,19.50,0.00,7.25,15.75,0.00,57.50
1357422441,150,18.00,0.00,9.50,18.75,0.75,53.00
1357422442,151,18.91,0.00,12.19,7.21,0.00,61.69
1357422443,152,18.61,0.00,12.16,0.00,0.25,68.98
1357422444,153,18.45,0.00,13.22,0.00,0.25,68.08
1357422445,154,18.55,0.00,11.53,6.27,0.25,63.41
1357422446,155,20.35,0.00,7.79,11.31,0.25,60.30
1357422447,156,19.95,0.00,8.48,11.97,0.50,59.10
1357422448,157,19.45,0.00,8.98,13.97,0.25,57.36
1357422449,158,19.55,0.00,9.02,14.54,0.25,56.64
1357422450,159,19.90,0.00,8.96,12.94,0.25,57.96
1357422451,160,18.75,0.00,10.25,13.00,0.50,57.50
1357422452,161,19.70,0.00,11.82,2.96,0.25,65.27
1357422453,162,18.91,0.00,11.69,0.00,0.25,69.15
1357422454,163,19.45,0.00,10.47,3.49,0.25,66.33
1357422455,164,19.75,0.00,8.64,10.62,0.49,60.49
1357422456,165,19.50,0.00,9.00,11.00,0.25,60.25
1357422457,166,19.50,0.00,9.25,11.75,0.25,59.25
1357422458,167,19.70,0.00,8.98,12.72,0.00,58.60
1357422459,168,19.45,0.00,8.73,13.47,0.50,57.86
1357422460,169,19.25,0.00,9.25,13.25,0.00,58.25
1357422461,170,19.90,0.00,8.71,10.70,0.25,60.45
1357422462,171,19.55,0.00,8.52,11.03,0.25,60.65
1357422463,172,19.65,0.00,9.45,18.66,0.25,51.99
1357422464,173,18.80,0.00,7.52,11.28,0.25,62.16
1357422465,174,19.55,0.00,7.77,9.27,0.00,63.41
1357422466,175,20.80,0.00,8.02,10.03,0.25,60.90
1357422467,176,21.00,0.00,7.50,9.25,0.25,62.00
1357422468,177,20.49,0.00,8.64,9.63,0.49,60.74
1357422469,178,21.09,0.00,7.44,9.93,0.25,61.29
1357422470,179,20.84,0.00,7.94,9.68,0.25,61.29
1357422471,180,19.20,0.00,9.73,0.00,0.25,70.82
1357422472,181,19.70,0.00,9.48,0.00,0.25,70.57
1357422473,182,19.60,0.00,9.05,0.00,0.00,71.36
1357422474,183,18.75,0.00,11.25,2.00,0.25,67.75
1357422475,184,18.34,0.00,10.80,13.07,0.00,57.79
1357422476,185,18.45,0.00,11.22,0.00,0.25,70.07
1357422477,186,14.25,0.00,8.75,6.50,0.25,70.25
1357422478,187,33.08,0.00,2.76,0.00,0.00,64.16
1357422479,188,32.50,0.00,2.75,0.00,0.00,64.75
1357422480,189,35.59,0.00,2.51,0.00,0.25,61.65
1357422481,190,35.91,0.00,2.74,0.00,0.00,61.35
1357422482,191,37.25,0.00,2.50,0.00,0.25,60.00
1357422483,192,33.00,0.00,2.50,0.50,0.00,64.00
1357422484,193,34.91,0.00,2.74,0.00,0.25,62.09
1357422485,194,35.50,0.00,2.25,0.00,0.25,62.00
1357422486,195,38.25,0.00,2.75,0.00,0.00,59.00
1357422487,196,35.75,0.00,2.75,0.00,0.25,61.25
1357422488,197,29.50,0.00,2.25,0.00,0.00,68.25
1357422489,198,29.32,0.00,3.26,0.00,0.00,67.42
1357422490,199,34.25,0.00,2.25,0.00,0.25,63.25
1357422491,200,35.00,0.00,2.50,0.00,0.00,62.50
1357422492,201,36.25,0.00,2.50,0.00,0.25,61.00
1357422493,202,36.50,0.00,2.50,1.00,0.25,59.75
1357422494,203,37.75,0.00,3.00,0.00,0.00,59.25
1357422495,204,37.00,0.00,3.00,0.00,0.25,59.75
1357422496,205,35.84,0.00,2.26,0.00,0.25,61.65
1357422497,206,27.97,0.00,5.45,10.40,0.74,55.45
1357422498,207,20.50,0.00,6.25,10.00,0.25,63.00
1357422499,208,19.60,0.00,7.29,19.35,0.00,53.77
1357422500,209,19.75,0.00,7.00,17.75,0.25,55.25
1357422501,210,18.95,0.00,7.98,21.20,0.00,51.87
1357422502,211,19.75,0.00,6.75,19.00,0.25,54.25
1357422503,212,19.70,0.00,7.23,23.19,0.25,49.63
1357422504,213,19.40,0.00,7.46,19.40,0.50,53.23
1357422505,214,19.55,0.00,7.02,18.55,0.25,54.64
1357422506,215,19.45,0.00,7.23,22.44,0.25,50.62
1357422507,216,19.50,0.00,7.75,28.00,0.00,44.75
1357422508,217,19.20,0.00,7.73,23.44,0.25,49.38
1357422509,218,19.30,0.00,7.52,16.79,0.00,56.39
1357422510,219,18.20,0.00,10.22,17.71,0.50,53.37
1357422511,220,19.10,0.00,12.06,7.04,0.25,61.56
1357422512,221,18.30,0.00,12.78,0.00,0.00,68.92
1357422513,222,19.00,0.00,13.50,0.00,0.25,67.25
1357422514,223,18.50,0.00,13.25,2.25,0.00,66.00
1357422515,224,19.70,0.00,8.73,11.97,0.50,59.10
1357422516,225,20.40,0.00,8.21,10.95,0.50,59.95
1357422517,226,20.20,0.00,8.23,12.97,0.25,58.35
1357422518,227,19.80,0.00,8.27,12.78,0.50,58.65
1357422519,228,19.90,0.00,7.81,13.60,0.00,58.69
1357422520,229,19.70,0.00,9.48,11.72,0.50,58.60
1357422521,230,19.45,0.00,9.98,2.74,0.00,67.83
1357422522,231,19.75,0.00,10.75,0.00,0.00,69.50
1357422523,232,20.00,0.00,9.75,3.25,0.25,66.75
1357422524,233,19.80,0.00,8.27,10.28,0.50,61.15
1357422525,234,19.70,0.00,8.73,12.22,0.50,58.85
1357422526,235,19.70,0.00,8.73,13.22,0.00,58.35
1357422527,236,19.45,0.00,8.23,12.97,0.50,58.85
1357422528,237,20.05,0.00,8.02,12.78,0.00,59.15
1357422529,238,19.51,0.00,9.14,12.84,0.25,58.27
1357422530,239,20.25,0.00,7.50,12.25,0.25,59.75
1357422531,240,20.10,0.00,8.29,11.31,0.00,60.30
1357422532,241,21.20,0.00,6.98,8.98,0.25,62.59
1357422533,242,20.30,0.00,8.17,10.15,0.25,61.14
1357422534,243,20.20,0.00,7.73,11.72,0.25,60.10
1357422535,244,20.60,0.00,7.69,11.41,0.25,60.05
1357422536,245,21.75,0.00,7.00,10.00,0.00,61.25
1357422537,246,21.50,0.00,7.25,9.75,0.25,61.25
1357422538,247,21.14,0.00,7.46,10.20,0.25,60.95
1357422539,248,20.05,0.00,8.52,0.00,0.25,71.18
1357422540,249,19.25,0.00,9.75,0.00,0.25,70.75
1357422541,250,19.30,0.00,10.03,0.00,0.00,70.68
1357422542,251,19.25,0.00,9.75,0.00,0.25,70.75
1357422543,252,18.16,0.00,10.95,17.16,0.50,53.23
1357422544,253,18.20,0.00,10.22,1.25,0.25,70.07
1357422545,254,18.92,0.00,10.57,2.46,2.21,65.85
1357422546,255,32.50,0.00,3.25,0.00,0.00,64.25
1357422547,256,32.67,0.00,2.74,0.00,0.25,64.34
1357422548,257,35.84,0.00,2.76,0.00,0.00,61.40
1357422549,258,36.07,0.00,2.74,0.00,0.25,60.95
1357422550,259,37.69,0.00,2.51,3.02,0.00,56.78
1357422551,260,32.41,0.00,2.26,1.26,0.00,64.07
1357422552,261,35.16,0.00,2.24,0.00,0.25,62.34
1357422553,262,36.09,0.00,2.26,0.00,0.00,61.65
1357422554,263,36.50,0.00,2.75,0.00,0.25,60.50
1357422555,264,38.15,0.00,3.74,1.75,0.25,56.11
1357422556,265,28.82,0.00,2.51,0.75,0.00,67.92
1357422557,266,28.25,0.00,2.00,0.00,0.00,69.75
1357422558,267,33.17,0.00,2.49,0.00,0.25,64.09
1357422559,268,35.09,0.00,2.01,0.00,0.00,62.91
1357422560,269,35.75,0.00,2.25,0.75,0.25,61.00
1357422561,270,38.60,0.00,2.26,1.75,0.00,57.39
1357422562,271,36.48,0.00,2.48,0.00,0.99,60.05
1357422563,272,36.82,0.00,3.23,0.00,0.00,59.95
1357422564,273,37.22,0.00,2.73,0.00,0.25,59.80
1357422565,274,34.34,0.00,3.26,1.00,0.50,60.90
1357422566,275,19.30,0.00,7.27,13.78,1.25,58.40
1357422567,276,20.05,0.00,6.52,13.78,0.00,59.65
1357422568,277,20.00,0.00,6.75,20.25,0.00,53.00
1357422569,278,19.25,0.00,7.25,17.75,0.25,55.50
1357422570,279,19.00,0.00,8.00,22.50,0.25,50.25
1357422571,280,19.50,0.00,6.75,19.00,0.50,54.25
1357422572,281,19.85,0.00,6.78,22.86,0.25,50.25
1357422573,282,19.90,0.00,6.97,17.91,0.25,54.98
1357422574,283,19.75,0.00,7.25,22.00,0.00,51.00
1357422575,284,19.95,0.00,6.73,17.71,0.25,55.36
1357422576,285,19.35,0.00,7.29,21.11,0.25,52.01
1357422577,286,19.45,0.00,7.48,35.91,0.25,36.91
1357422578,287,19.20,0.00,7.23,23.44,0.25,49.88
1357422579,288,18.16,0.00,13.43,4.48,0.75,63.18
1357422580,289,19.40,0.00,12.44,0.00,0.25,67.91
1357422581,290,19.05,0.00,11.53,0.00,0.00,69.42
1357422582,291,19.40,0.00,12.94,0.00,0.25,67.41
1357422583,292,20.05,0.00,9.52,19.05,0.25,51.13
1357422584,293,20.70,0.00,7.98,10.97,0.25,60.10
1357422585,294,20.00,0.00,8.00,11.25,0.25,60.50
1357422586,295,20.20,0.00,8.23,13.22,0.25,58.10
1357422587,296,19.75,0.00,8.25,14.00,0.25,57.75
1357422588,297,19.50,0.00,8.75,14.00,0.25,57.50
1357422589,298,19.65,0.00,10.20,2.74,0.25,67.16
1357422590,299,18.59,0.00,10.80,0.00,0.25,70.35
1357422591,300,19.55,0.00,10.03,0.00,0.00,70.43
1357422592,301,19.15,0.00,9.45,14.18,0.25,56.97
1357422593,302,19.95,0.00,7.73,10.97,0.75,60.60
1357422594,303,20.25,0.00,7.75,12.75,0.25,59.00
1357422595,304,20.70,0.00,7.73,13.47,0.50,57.61
1357422596,305,19.35,0.00,9.43,13.40,0.25,57.57
1357422597,306,19.75,0.00,8.00,13.25,0.50,58.50
1357422598,307,19.95,0.00,7.98,13.22,0.25,58.60
1357422599,308,20.80,0.00,7.77,12.03,0.25,59.15
1357422600,309,20.30,0.00,7.77,12.28,0.25,59.40
1357422601,310,19.55,0.00,8.77,14.54,0.75,56.39
1357422602,311,20.55,0.00,8.27,12.28,0.25,58.65
1357422603,312,21.34,0.00,7.44,10.92,0.25,60.05
1357422604,313,20.69,0.00,9.11,9.11,1.23,59.85
1357422605,314,21.00,0.00,6.75,9.75,0.25,62.25
1357422606,315,20.15,0.00,8.71,9.45,0.25,61.44
1357422607,316,20.65,0.00,7.71,9.70,0.25,61.69
1357422608,317,18.39,0.00,10.08,0.00,0.00,71.54
1357422609,318,18.80,0.00,10.53,0.00,0.25,70.43
1357422610,319,19.05,0.00,10.03,0.00,0.00,70.93
1357422611,320,18.05,0.00,10.78,6.52,0.25,64.41
1357422612,321,17.75,0.00,11.50,0.00,0.25,70.50
1357422613,322,17.34,0.00,12.31,0.00,0.00,70.35
1357422614,323,24.75,0.00,7.50,11.50,0.50,55.75
1357422615,324,32.33,0.00,2.51,0.00,0.25,64.91
1357422616,325,34.91,0.00,2.74,0.00,0.25,62.09
1357422617,326,36.07,0.00,2.99,0.00,0.50,60.45
1357422618,327,37.34,0.00,2.51,0.00,0.00,60.15
1357422619,328,35.07,0.00,2.74,0.50,0.25,61.44
1357422620,329,31.50,0.00,2.25,2.25,0.00,64.00
1357422621,330,35.00,0.00,2.25,0.00,0.25,62.50
1357422622,331,35.59,0.00,2.26,0.00,0.00,62.16
1357422623,332,37.50,0.00,2.75,0.00,0.25,59.50
1357422624,333,36.84,0.00,3.01,0.00,0.00,60.15
1357422625,334,26.75,0.00,3.25,2.50,0.00,67.50
1357422626,335,29.15,0.00,1.76,0.00,0.00,69.10
1357422627,336,33.67,0.00,2.49,0.00,0.25,63.59
1357422628,337,35.25,0.00,2.50,0.00,0.00,62.25
1357422629,338,36.57,0.00,2.99,0.00,0.25,60.20
1357422630,339,36.75,0.00,2.25,2.75,0.25,58.00
1357422631,340,38.65,0.00,2.24,0.00,0.25,58.85
1357422632,341,35.00,0.00,3.00,0.00,0.00,62.00
1357422633,342,31.75,0.00,1.75,0.00,0.25,66.25
1357422634,343,29.25,0.00,4.75,4.00,0.50,61.50
1357422635,344,20.25,0.00,6.25,10.50,0.25,62.75
1357422636,345,20.00,0.00,6.75,18.50,0.00,54.75
1357422637,346,19.15,0.00,7.71,22.39,0.25,50.50
1357422638,347,19.85,0.00,7.04,18.09,0.00,55.03
1357422639,348,19.20,0.00,7.73,22.44,0.25,50.37
1357422640,349,19.50,0.00,7.00,17.75,0.25,55.50
1357422641,350,19.70,0.00,6.98,21.70,0.25,51.37
1357422642,351,19.95,0.00,6.73,19.70,0.25,53.37
1357422643,352,19.80,0.00,7.02,23.06,0.25,49.87
1357422644,353,19.95,0.00,6.98,20.20,0.00,52.87
1357422645,354,19.35,0.00,7.69,18.36,0.50,54.09
1357422646,355,19.80,0.00,7.27,22.06,0.00,50.88
1357422647,356,17.09,0.00,6.03,23.62,0.25,53.02
1357422648,357,8.46,0.00,6.22,12.19,0.25,72.89
1357422649,358,17.46,0.00,12.72,0.00,0.25,69.58
1357422650,359,17.75,0.00,13.50,0.00,0.00,68.75
1357422651,360,17.75,0.00,14.00,0.00,0.25,68.00
1357422652,361,18.84,0.00,12.56,7.29,0.25,61.06
1357422653,362,19.90,0.00,8.71,9.70,0.25,61.44
1357422654,363,19.80,0.00,8.27,10.53,0.25,61.15
1357422655,364,20.10,0.00,8.29,10.30,0.25,61.06
1357422656,365,19.15,0.00,8.71,10.70,0.50,60.95
1357422657,366,20.20,0.00,8.23,10.72,0.25,60.60
1357422658,367,19.65,0.00,9.95,0.00,0.25,70.15
1357422659,368,19.05,0.00,10.53,0.00,0.25,70.18
1357422660,369,19.10,0.00,10.55,0.00,0.00,70.35
1357422661,370,19.70,0.00,9.23,12.22,0.50,58.35
1357422662,371,19.35,0.00,8.79,7.79,0.00,64.07
1357422663,372,20.10,0.00,8.19,9.68,0.50,61.54
1357422664,373,19.00,0.00,9.00,2.50,0.25,69.25
1357422665,374,19.75,0.00,8.25,0.00,0.25,71.75
1357422666,375,19.30,0.00,8.27,10.78,0.00,61.65
1357422667,376,20.40,0.00,7.30,9.07,0.00,63.22
1357422668,377,20.20,0.00,8.23,6.23,0.25,65.09
1357422669,378,20.00,0.00,8.50,6.25,0.25,65.00
1357422670,379,20.55,0.00,7.27,6.52,0.25,65.41
1357422671,380,19.95,0.00,7.83,9.60,0.25,62.37
1357422672,381,20.85,0.00,7.29,8.29,0.00,63.57
1357422673,382,21.09,0.00,7.94,8.19,0.25,62.53
1357422674,383,20.50,0.00,8.00,7.50,0.25,63.75
1357422675,384,20.10,0.00,7.54,7.79,0.25,64.32
1357422676,385,20.70,0.00,7.48,7.73,0.25,63.84
1357422677,386,19.25,0.00,10.00,0.00,0.25,70.50
1357422678,387,19.00,0.00,10.50,0.00,0.00,70.50
1357422679,388,18.75,0.00,10.25,0.00,0.25,70.75
1357422680,389,19.15,0.00,9.70,0.00,0.00,71.14
1357422681,390,17.96,0.00,12.72,6.48,0.25,62.59
1357422682,391,18.05,0.00,12.03,0.00,0.25,69.67
1357422683,392,18.16,0.00,12.19,0.00,0.25,69.40
1357422684,393,27.68,0.00,4.74,9.23,0.25,58.10
1357422685,394,32.08,0.00,2.51,0.00,0.25,65.16
1357422686,395,35.00,0.00,2.75,0.00,0.00,62.25
1357422687,396,36.09,0.00,2.51,0.00,0.00,61.40
1357422688,397,36.66,0.00,2.74,0.00,0.25,60.35
1357422689,398,34.42,0.00,2.26,2.01,0.00,61.31
1357422690,399,33.92,0.00,2.49,0.00,0.25,63.34
1357422691,400,35.93,0.00,2.26,0.00,0.00,61.81
1357422692,401,35.98,0.00,2.73,0.00,0.25,61.04
1357422693,402,36.18,0.00,2.51,0.00,0.00,61.31
1357422694,403,34.41,0.00,2.74,2.49,0.00,60.35
1357422695,404,28.64,0.00,2.76,0.00,0.00,68.59
1357422696,405,30.52,0.00,2.98,0.00,0.99,65.51
1357422697,406,35.09,0.00,2.26,0.00,0.00,62.66
1357422698,407,36.16,0.00,2.00,0.00,0.25,61.60
1357422699,408,37.75,0.00,2.75,1.00,0.25,58.25
1357422700,409,36.07,0.00,3.73,0.00,1.49,58.71
1357422701,410,35.84,0.00,2.26,0.00,0.25,61.65
1357422702,411,39.25,0.00,2.75,0.00,0.00,58.00
1357422703,412,36.00,0.00,2.50,0.00,0.25,61.25
1357422704,413,22.25,0.00,5.75,10.75,0.25,61.00
1357422705,414,19.90,0.00,7.21,10.20,0.25,62.44
1357422706,415,19.50,0.00,6.75,15.50,0.50,57.75
1357422707,416,19.95,0.00,7.23,11.97,0.00,60.85
1357422708,417,19.80,0.00,6.52,9.77,0.25,63.66
1357422709,418,19.80,0.00,6.52,6.27,0.00,67.42
1357422710,419,19.55,0.00,7.27,9.77,0.25,63.16
1357422711,420,19.75,0.00,7.00,9.75,0.00,63.50
1357422712,421,19.50,0.00,7.00,0.25,0.50,72.75
1357422713,422,19.35,0.00,7.04,10.80,0.25,62.56
1357422714,423,19.95,0.00,6.73,16.46,0.00,56.86
1357422715,424,19.90,0.00,7.21,14.93,0.25,57.71
1357422716,425,19.60,0.00,6.78,14.57,0.25,58.79
1357422717,426,18.07,0.00,12.87,3.96,0.99,64.11
1357422718,427,18.30,0.00,12.53,0.00,0.25,68.92
1357422719,428,17.54,0.00,14.04,0.00,0.25,68.17
1357422720,429,18.16,0.00,13.43,0.00,0.25,68.16
1357422721,430,19.95,0.00,9.23,7.48,0.25,63.09
1357422722,431,20.15,0.00,8.46,9.95,0.25,61.19
1357422723,432,19.80,0.00,8.02,10.53,0.00,61.65
1357422724,433,19.75,0.00,8.00,10.50,0.25,61.50
1357422725,434,20.05,0.00,7.77,10.78,0.25,61.15
1357422726,435,20.40,0.00,8.96,10.70,0.50,59.45
1357422727,436,19.15,0.00,10.70,0.00,0.25,69.90
1357422728,437,20.69,0.00,11.33,0.00,0.00,67.98
1357422729,438,19.06,0.00,11.63,2.72,0.25,66.34
1357422730,439,19.05,0.00,9.27,9.27,0.25,62.16
1357422731,440,19.55,0.00,8.27,10.28,0.00,61.90
1357422732,441,18.80,0.00,9.27,10.28,0.25,61.40
1357422733,442,19.90,0.00,8.71,9.20,0.25,61.94
1357422734,443,19.60,0.00,7.79,10.05,0.25,62.31
1357422735,444,19.85,0.00,8.19,9.93,0.50,61.54
1357422736,445,20.05,0.00,7.77,8.27,0.25,63.66
1357422737,446,20.60,0.00,7.54,8.04,0.25,63.57
1357422738,447,19.75,0.00,8.75,8.00,0.00,63.50
1357422739,448,19.80,0.00,8.27,8.52,0.50,62.91
1357422740,449,19.45,0.00,8.48,7.48,0.25,64.34
1357422741,450,20.95,0.00,7.48,7.73,0.25,63.59
1357422742,451,20.95,0.00,6.98,7.73,0.50,63.84
1357422743,452,20.84,0.00,7.94,7.20,0.25,63.77
1357422744,453,20.65,0.00,7.56,8.56,0.00,63.22
1357422745,454,19.95,0.00,8.73,7.23,0.25,63.84
1357422746,455,19.50,0.00,10.00,0.00,0.25,70.25
1357422747,456,19.00,0.00,10.00,0.00,0.00,71.00
1357422748,457,18.30,0.00,9.77,0.00,0.25,71.68
1357422749,458,18.41,0.00,10.95,7.71,0.25,62.69
1357422750,459,17.75,0.00,12.00,0.00,0.25,70.00
1357422751,460,17.29,0.00,12.53,0.00,0.50,69.67
1357422752,461,25.62,0.00,6.97,13.68,0.75,52.99
1357422753,462,32.08,0.00,3.01,2.01,0.00,62.91
1357422754,463,35.07,0.00,2.49,0.00,0.25,62.19
1357422755,464,35.50,0.00,2.75,0.00,0.25,61.50
1357422756,465,37.25,0.00,2.50,0.00,0.25,60.00
1357422757,466,35.41,0.00,2.74,0.00,0.25,61.60
1357422758,467,33.33,0.00,2.26,5.01,0.00,59.40
1357422759,468,35.66,0.00,2.24,0.00,0.25,61.85
1357422760,469,36.00,0.00,2.50,0.00,0.00,61.50
1357422761,470,36.93,0.00,2.26,0.00,0.00,60.80
1357422762,471,35.32,0.00,3.23,0.00,0.25,61.19
1357422763,472,29.65,0.00,2.51,2.76,0.00,65.08
1357422764,473,26.75,0.00,2.25,0.00,0.00,71.00
1357422765,474,34.66,0.00,2.00,0.00,0.25,63.09
1357422766,475,35.50,0.00,2.50,0.00,0.25,61.75
1357422767,476,36.41,0.00,2.49,0.00,0.25,60.85
1357422768,477,36.41,0.00,2.74,2.49,0.25,58.10
1357422769,478,38.35,0.00,2.26,0.00,0.00,59.40
1357422770,479,36.07,0.00,3.98,0.00,1.24,58.71
1357422771,480,36.50,0.00,2.50,0.00,0.00,61.00
1357422772,481,28.78,0.00,5.71,2.98,1.74,60.79
1357422773,482,19.95,0.00,6.73,10.72,0.25,62.34
1357422774,483,19.80,0.00,7.02,14.54,0.00,58.65
1357422775,484,19.14,0.00,7.05,14.61,0.25,58.94
1357422776,485,19.40,0.00,7.46,16.92,0.25,55.97
1357422777,486,19.80,0.00,6.52,12.53,0.25,60.90
1357422778,487,19.65,0.00,7.46,15.42,0.50,56.97
1357422779,488,18.84,0.00,7.54,15.33,0.25,58.04
1357422780,489,19.75,0.00,7.00,15.00,0.25,58.00
1357422781,490,19.70,0.00,6.98,17.46,0.00,55.86
1357422782,491,19.50,0.00,7.25,16.00,0.25,57.00
1357422783,492,19.05,0.00,7.52,15.29,0.25,57.89
1357422784,493,20.25,0.00,6.50,16.25,0.25,56.75
1357422785,494,19.85,0.00,9.43,5.21,0.74,64.76
1357422786,495,17.75,0.00,12.75,0.00,0.00,69.50
1357422787,496,18.25,0.00,12.75,0.00,0.25,68.75
1357422788,497,18.16,0.00,13.68,0.00,0.25,67.91
1357422789,498,18.81,0.00,11.39,7.67,0.25,61.88
1357422790,499,20.95,0.00,6.98,22.19,0.25,49.63
1357422791,500,20.35,0.00,7.94,10.67,0.25,60.79
1357422792,501,20.00,0.00,8.00,10.75,0.25,61.00
1357422793,502,20.84,0.00,7.69,10.42,0.25,60.79
1357422794,503,20.25,0.00,7.50,10.75,0.25,61.25
1357422795,504,19.90,0.00,9.95,0.25,0.25,69.65
1357422796,505,19.95,0.00,9.48,0.00,0.00,70.57
1357422797,506,19.50,0.00,9.25,0.00,0.25,71.00
1357422798,507,19.35,0.00,8.54,7.79,0.25,64.07
1357422799,508,19.45,0.00,8.73,9.73,0.25,61.85
1357422800,509,19.19,0.00,8.08,10.35,0.25,62.12
1357422801,510,19.75,0.00,8.25,10.25,0.25,61.50
1357422802,511,20.25,0.00,7.25,11.25,0.25,61.00
1357422803,512,19.80,0.00,8.52,12.03,0.25,59.40
1357422804,513,20.30,0.00,7.27,8.52,0.00,63.91
1357422805,514,20.10,0.00,7.44,8.68,0.50,63.28
1357422806,515,20.60,0.00,6.78,6.03,0.25,66.33
1357422807,516,19.85,0.00,8.29,0.00,0.25,71.61
1357422808,517,19.60,0.00,8.68,10.17,0.25,61.29
1357422809,518,22.19,0.00,6.98,7.48,0.25,63.09
1357422810,519,20.95,0.00,7.48,7.23,0.50,63.84
1357422811,520,20.70,0.00,8.23,7.23,0.25,63.59
1357422812,521,21.25,0.00,7.50,7.75,0.00,63.50
1357422813,522,21.09,0.00,7.20,7.69,0.50,63.52
1357422814,523,19.35,0.00,9.05,0.00,0.00,71.61
1357422815,524,19.95,0.00,8.98,0.00,0.25,70.82
1357422816,525,18.95,0.00,9.98,0.00,0.25,70.82
1357422817,526,18.25,0.00,11.50,5.50,0.25,64.50
1357422818,527,17.29,0.00,12.53,0.00,0.00,70.18
1357422819,528,16.92,0.00,13.43,0.00,0.25,69.40
1357422820,529,15.00,0.00,7.75,3.75,0.25,73.25
1357422821,530,32.92,0.00,3.24,0.00,0.25,63.59
1357422822,531,33.08,0.00,2.51,0.00,0.00,64.41
1357422823,532,35.57,0.00,2.74,0.00,0.25,61.44
1357422824,533,35.84,0.00,2.76,0.00,0.00,61.40
1357422825,534,38.25,0.00,2.75,0.00,0.25,58.75
1357422826,535,31.58,0.00,2.26,6.52,0.00,59.65
1357422827,536,35.41,0.00,2.74,0.00,0.25,61.60
1357422828,537,35.93,0.00,2.01,0.00,0.00,62.06
1357422829,538,37.66,0.00,2.74,0.00,0.25,59.35
1357422830,539,36.32,0.00,3.48,0.00,0.25,59.95
1357422831,540,27.50,0.00,2.50,0.00,0.25,69.75
1357422832,541,30.10,0.00,2.74,0.00,0.00,67.16
1357422833,542,34.09,0.00,2.01,0.00,0.25,63.66
1357422834,543,35.50,0.00,2.00,0.00,0.00,62.50
1357422835,544,35.41,0.00,2.99,0.00,0.50,61.10
1357422836,545,37.00,0.00,2.75,0.50,0.00,59.75
1357422837,546,38.50,0.00,2.50,0.00,0.25,58.75
1357422838,547,35.66,0.00,2.99,0.00,0.75,60.60
1357422839,548,36.75,0.00,3.00,0.00,0.25,60.00
1357422840,549,29.43,0.00,3.49,0.00,0.00,67.08
1357422841,550,19.45,0.00,7.23,15.71,0.50,57.11
1357422842,551,20.25,0.00,6.25,11.25,0.25,62.00
1357422843,552,19.55,0.00,7.02,15.29,0.25,57.89
1357422844,553,19.50,0.00,7.00,8.00,0.25,65.25
1357422845,554,19.75,0.00,7.00,11.50,0.00,61.75
1357422846,555,20.25,0.00,6.25,4.00,0.25,69.25
1357422847,556,19.70,0.00,7.23,11.47,0.00,61.60
1357422848,557,19.45,0.00,7.73,14.46,0.25,58.10
1357422849,558,20.00,0.00,6.75,15.75,0.25,57.25
1357422850,559,19.25,0.00,7.50,15.50,0.25,57.50
1357422851,560,19.11,0.00,7.94,15.38,0.25,57.32
1357422852,561,19.55,0.00,7.77,15.54,0.00,57.14
1357422853,562,16.96,0.00,7.23,19.20,0.25,56.36
1357422854,563,17.12,0.00,9.93,1.24,0.00,71.71
1357422855,564,18.25,0.00,13.00,0.00,0.25,68.50
1357422856,565,17.84,0.00,13.82,0.00,0.25,68.09
1357422857,566,18.66,0.00,12.19,0.00,0.25,68.91
1357422858,567,19.40,0.00,9.95,15.67,0.25,54.73
1357422859,568,20.60,0.00,8.68,12.16,0.25,58.31
1357422860,569,20.40,0.00,7.96,10.20,0.25,61.19
1357422861,570,20.55,0.00,8.27,8.52,0.25,62.41
1357422862,571,20.79,0.00,8.17,8.42,0.25,62.38
1357422863,572,20.30,0.00,8.27,10.03,0.25,61.15
1357422864,573,20.90,0.00,10.70,0.00,0.00,68.41
1357422865,574,19.70,0.00,10.72,0.00,0.25,69.33
1357422866,575,19.00,0.00,11.00,0.00,0.25,69.75
1357422867,576,20.00,0.00,8.75,10.75,0.25,60.25
1357422868,577,19.85,0.00,8.93,8.68,0.25,62.28
1357422869,578,19.40,0.00,8.96,10.20,0.50,60.95
1357422870,579,19.85,0.00,8.04,10.30,0.25,61.56
1357422871,580,19.85,0.00,8.44,9.68,0.25,61.79
1357422872,581,19.70,0.00,8.23,10.97,0.25,60.85
1357422873,582,20.45,0.00,7.98,7.48,0.25,63.84
1357422874,583,20.40,0.00,8.46,4.23,0.25,66.67
1357422875,584,20.25,0.00,8.00,0.00,0.25,71.50
1357422876,585,20.40,0.00,8.46,0.00,0.25,70.90
1357422877,586,20.65,0.00,7.71,8.21,0.00,63.43
1357422878,587,21.20,0.00,7.48,7.48,0.25,63.59
1357422879,588,20.05,0.00,7.52,7.77,0.25,64.41
1357422880,589,21.05,0.00,7.27,7.27,0.25,64.16
1357422881,590,19.75,0.00,8.00,7.50,0.25,64.50
1357422882,591,20.99,0.00,7.65,7.41,0.49,63.46
1357422883,592,19.55,0.00,10.28,0.00,0.00,70.18
1357422884,593,19.55,0.00,9.52,0.00,0.25,70.68
1357422885,594,19.10,0.00,9.80,0.00,0.00,71.11
1357422886,595,19.55,0.00,10.03,2.51,0.00,67.92
1357422887,596,18.25,0.00,11.75,2.00,0.25,67.75
1357422888,597,18.00,0.00,11.25,0.00,0.25,70.50
1357422889,598,20.70,0.00,8.23,0.00,0.25,70.82
1357422890,599,24.50,0.00,2.25,0.00,0.25,73.00
1357422891,600,29.00,0.00,3.50,0.00,0.00,67.50
1357422892,601,35.43,0.00,2.51,0.00,0.00,62.06
1357422893,602,35.91,0.00,2.74,0.00,0.25,61.10
1357422894,603,37.25,0.00,2.50,4.75,0.00,55.50
1357422895,604,32.75,0.00,2.50,5.25,0.25,59.25
1357422896,605,35.41,0.00,2.49,0.00,0.00,62.09
1357422897,606,35.25,0.00,2.50,0.00,0.25,62.00
1357422898,607,37.50,0.00,2.75,0.00,0.00,59.75
1357422899,608,37.00,0.00,2.50,2.50,0.25,57.75
1357422900,609,30.25,0.00,2.50,0.00,0.00,67.25
1357422901,610,29.60,0.00,3.73,0.00,0.75,65.92
1357422902,611,34.59,0.00,2.26,0.00,0.25,62.91
1357422903,612,35.16,0.00,2.74,0.00,0.25,61.85
1357422904,613,35.34,0.00,2.51,2.26,0.00,59.90
1357422905,614,38.10,0.00,2.76,0.25,0.00,58.90
1357422906,615,37.16,0.00,2.49,0.00,0.25,60.10
1357422907,616,35.43,0.00,2.76,0.00,0.00,61.81
1357422908,617,37.66,0.00,2.99,0.00,0.25,59.10
1357422909,618,27.50,0.00,3.50,1.25,0.00,67.75
1357422910,619,21.39,0.00,6.72,12.19,0.50,59.20
1357422911,620,19.65,0.00,6.80,11.34,0.00,62.22
1357422912,621,19.75,0.00,7.00,15.50,0.25,57.50
1357422913,622,19.55,0.00,7.02,15.04,0.25,58.15
1357422914,623,19.35,0.00,7.04,14.57,0.25,58.79
1357422915,624,19.45,0.00,7.23,14.21,0.25,58.85
1357422916,625,19.25,0.00,7.75,15.25,0.00,57.75
1357422917,626,20.00,0.00,6.75,15.50,0.25,57.50
1357422918,627,19.85,0.00,7.04,15.08,0.00,58.04
1357422919,628,19.70,0.00,7.23,14.21,0.25,58.60
1357422920,629,19.45,0.00,7.23,15.21,0.25,57.86
1357422921,630,19.20,0.00,7.48,14.96,0.25,58.10
1357422922,631,19.75,0.00,7.25,15.50,0.25,57.25
1357422923,632,18.41,0.00,11.94,4.23,0.00,65.42
1357422924,633,18.86,0.00,12.66,0.00,0.25,68.24
1357422925,634,19.50,0.00,12.00,0.00,0.25,68.25
1357422926,635,18.70,0.00,11.97,0.00,0.25,69.08
1357422927,636,19.50,0.00,9.75,22.25,0.75,47.75
1357422928,637,19.45,0.00,8.48,14.46,0.25,57.36
1357422929,638,20.25,0.00,7.75,10.75,0.25,61.00
1357422930,639,20.10,0.00,8.93,10.67,0.25,60.05
1357422931,640,20.55,0.00,8.27,10.03,0.25,60.90
1357422932,641,20.15,0.00,8.96,10.20,0.25,60.45
1357422933,642,19.15,0.00,11.44,0.00,0.25,69.15
1357422934,643,19.35,0.00,11.17,0.00,0.00,69.48
1357422935,644,18.94,0.00,10.35,0.51,0.25,69.95
1357422936,645,20.20,0.00,7.73,11.47,0.25,60.35
1357422937,646,20.10,0.00,8.04,9.30,0.25,62.31
1357422938,647,19.55,0.00,8.27,10.28,0.00,61.90
1357422939,648,19.35,0.00,8.68,10.42,0.50,61.04
1357422940,649,21.39,0.00,7.21,10.20,0.25,60.95
1357422941,650,19.25,0.00,8.75,9.75,0.25,62.00
1357422942,651,20.65,0.00,8.21,8.96,0.25,61.94
1357422943,652,19.75,0.00,8.75,8.75,0.25,62.50
1357422944,653,19.35,0.00,9.18,8.44,0.50,62.53
1357422945,654,20.60,0.00,8.04,7.79,0.00,63.57
1357422946,655,20.35,0.00,8.68,8.93,0.25,61.79
1357422947,656,20.50,0.00,7.50,8.00,0.25,63.75
1357422948,657,20.70,0.00,7.73,7.23,0.25,64.09
1357422949,658,21.09,0.00,8.19,7.69,0.25,62.78
1357422950,659,20.95,0.00,7.48,6.23,0.25,65.09
1357422951,660,19.95,0.00,8.23,7.73,0.50,63.59
1357422952,661,19.50,0.00,9.75,0.00,0.00,70.75
1357422953,662,19.30,0.00,9.27,0.00,0.00,71.43
1357422954,663,18.41,0.00,10.70,0.00,0.25,70.65
1357422955,664,18.30,0.00,10.53,4.01,0.25,66.92
1357422956,665,18.45,0.00,10.72,0.00,0.50,70.32
1357422957,666,18.75,0.00,10.25,0.00,0.25,70.75
1357422958,667,27.79,0.00,5.21,3.72,0.74,62.53
1357422959,668,32.75,0.00,2.75,0.00,0.25,64.25
1357422960,669,35.34,0.00,2.76,0.00,0.00,61.90
1357422961,670,36.41,0.00,2.24,0.00,0.25,61.10
1357422962,671,37.16,0.00,2.74,0.00,0.25,59.85
1357422963,672,34.34,0.00,2.76,10.78,0.25,51.88
1357422964,673,34.00,0.00,2.50,0.00,0.25,63.25
1357422965,674,35.75,0.00,2.25,0.00,0.00,62.00
1357422966,675,36.25,0.00,2.75,0.00,0.50,60.50
1357422967,676,36.25,0.00,2.50,0.00,0.25,61.00
1357422968,677,35.59,0.00,2.76,3.01,0.25,58.40
1357422969,678,28.36,0.00,3.98,0.00,0.50,67.16
1357422970,679,29.00,0.00,1.75,0.00,0.25,69.00
1357422971,680,34.50,0.00,2.25,0.00,0.00,63.25
1357422972,681,35.84,0.00,2.26,0.00,0.00,61.90
1357422973,682,36.57,0.00,2.99,2.24,0.25,57.96
1357422974,683,36.18,0.00,2.26,0.00,0.00,61.56
1357422975,684,38.65,0.00,2.24,0.00,0.25,58.85
1357422976,685,36.50,0.00,2.50,0.00,0.00,61.00
1357422977,686,36.75,0.00,2.50,0.00,0.25,60.50
1357422978,687,24.63,0.00,6.22,7.21,1.49,60.45
1357422979,688,19.95,0.00,6.73,11.47,0.25,61.60
1357422980,689,19.90,0.00,6.72,13.43,0.25,59.70
1357422981,690,19.80,0.00,7.27,14.79,0.25,57.89
1357422982,691,19.05,0.00,6.77,9.52,0.25,64.41
1357422983,692,20.05,0.00,6.27,9.77,0.00,63.91
1357422984,693,19.25,0.00,7.25,21.00,0.00,52.50
1357422985,694,19.30,0.00,7.27,17.29,0.25,55.89
1357422986,695,19.35,0.00,7.04,2.01,0.00,71.61
1357422987,696,19.70,0.00,6.98,10.22,0.25,62.84
1357422988,697,20.20,0.00,6.98,9.48,0.25,63.09
1357422989,698,19.45,0.00,6.98,6.23,0.50,66.83
1357422990,699,19.00,0.00,7.75,6.25,0.50,66.50
1357422991,700,7.21,0.00,3.48,12.94,0.50,75.87
1357422992,701,0.00,0.00,0.25,0.00,0.00,99.75
1357422993,702,0.00,0.00,0.00,0.00,0.00,100.00
1357422994,703,0.00,0.00,0.00,0.00,0.00,100.00
1357422995,704,0.00,0.00,0.00,0.00,0.00,100.00
