timestamp,offset,pct_user,pct_nice,pct_system,pct_iowait,pct_steal,pct_idle
1357732271,1,0.00,0.00,0.75,2.76,0.00,96.48
1357732272,2,0.00,0.00,0.75,0.50,0.00,98.75
1357732273,3,0.00,0.00,0.00,0.00,0.00,100.00
1357732274,4,0.00,0.00,0.50,0.00,0.00,99.50
1357732275,5,0.00,0.00,0.25,0.25,0.00,99.50
1357732276,6,5.26,0.00,1.75,7.52,0.00,85.46
1357732277,7,0.00,0.00,0.25,0.00,0.00,99.75
1357732278,8,0.25,0.00,0.50,0.00,0.00,99.25
1357732279,9,0.00,0.00,0.25,0.00,0.00,99.75
1357732280,10,0.00,0.00,0.25,0.00,0.00,99.75
1357732281,11,0.00,0.00,0.50,8.54,0.00,90.95
1357732282,12,20.96,0.00,9.09,1.77,0.00,68.18
1357732283,13,24.68,0.00,8.91,0.00,0.00,66.41
1357732284,14,18.77,0.00,9.77,0.00,0.00,71.47
1357732285,15,15.40,0.00,12.53,0.00,0.00,72.06
1357732286,16,10.34,0.00,18.04,0.00,0.00,71.62
1357732287,17,7.45,0.00,21.01,0.00,0.00,71.54
1357732288,18,8.20,0.00,19.84,0.00,0.00,71.96
1357732289,19,9.23,0.00,18.47,0.00,0.00,72.30
1357732290,20,10.37,0.00,17.55,0.00,0.00,72.07
1357732291,21,8.71,0.00,19.00,0.00,0.00,72.30
1357732292,22,8.20,0.00,19.31,0.00,0.00,72.49
1357732293,23,8.73,0.00,18.78,0.00,0.00,72.49
1357732294,24,8.49,0.00,19.63,0.00,0.00,71.88
1357732295,25,9.28,0.00,19.10,0.00,0.00,71.62
1357732296,26,9.92,0.00,18.50,0.00,0.00,71.58
1357732297,27,10.32,0.00,17.20,0.00,0.00,72.49
1357732298,28,9.21,0.00,18.42,0.00,0.00,72.37
1357732299,29,7.07,0.00,20.94,0.00,0.00,71.99
1357732300,30,7.75,0.00,20.59,0.00,0.00,71.66
1357732301,31,27.27,0.00,7.07,0.76,0.00,64.90
1357732302,32,37.12,0.00,2.78,0.00,0.00,60.10
1357732303,33,41.96,0.00,2.26,1.26,0.00,54.52
1357732304,34,41.40,0.00,2.99,0.00,0.00,55.61
1357732305,35,36.09,0.00,2.76,0.25,0.00,60.90
1357732306,36,40.25,0.00,2.50,0.00,0.00,57.25
1357732307,37,42.21,0.00,2.51,0.00,0.00,55.28
1357732308,38,39.00,0.00,3.00,0.00,0.00,58.00
1357732309,39,33.17,0.00,2.01,0.00,0.00,64.82
1357732310,40,25.13,0.00,3.02,0.00,0.00,71.86
1357732311,41,21.97,0.00,3.79,0.00,0.00,74.24
1357732312,42,23.75,0.00,2.75,0.00,0.00,73.50
1357732313,43,22.56,0.00,4.26,0.00,0.00,73.18
1357732314,44,24.56,0.00,2.01,0.00,0.00,73.43
1357732315,45,23.17,0.00,4.28,0.00,0.00,72.54
1357732316,46,25.06,0.00,1.25,0.00,0.00,73.68
1357732317,47,22.92,0.00,4.28,0.00,0.00,72.80
1357732318,48,25.06,0.00,1.25,0.00,0.00,73.68
1357732319,49,22.47,0.00,5.30,0.00,0.00,72.22
1357732320,50,15.99,0.00,11.17,0.00,0.00,72.84
1357732321,51,15.27,0.00,11.45,0.00,0.00,73.28
1357732322,52,16.28,0.00,10.18,0.00,0.00,73.54
1357732323,53,16.16,0.00,10.86,0.00,0.00,72.98
1357732324,54,16.07,0.00,10.71,0.00,0.00,73.21
1357732325,55,16.24,0.00,10.91,0.00,0.00,72.84
1357732326,56,23.41,0.00,9.16,0.00,0.00,67.43
1357732327,57,22.62,0.00,11.57,0.00,0.00,65.81
1357732328,58,19.90,0.00,11.37,0.00,0.00,68.73
1357732329,59,18.13,0.00,10.10,0.00,0.00,71.76
1357732330,60,19.43,0.00,9.59,0.00,0.00,70.98
1357732331,61,20.82,0.00,9.77,0.00,0.00,69.41
1357732332,62,21.43,0.00,8.16,0.00,0.00,70.41
1357732333,63,22.51,0.00,6.91,0.00,0.00,70.59
1357732334,64,17.83,0.00,11.37,0.00,0.00,70.80
1357732335,65,8.22,0.00,19.63,0.00,0.00,72.15
1357732336,66,9.04,0.00,19.15,0.00,0.00,71.81
1357732337,67,6.65,0.00,21.01,0.00,0.00,72.34
1357732338,68,7.49,0.00,20.86,0.00,0.00,71.66
1357732339,69,8.02,0.00,20.32,0.00,0.00,71.66
1357732340,70,6.81,0.00,20.42,0.00,0.00,72.77
1357732341,71,8.18,0.00,19.53,0.00,0.00,72.30
1357732342,72,7.96,0.00,20.16,0.00,0.00,71.88
1357732343,73,8.99,0.00,19.05,0.00,0.00,71.96
1357732344,74,19.13,0.00,9.18,0.00,0.00,71.68
1357732345,75,24.56,0.00,2.51,0.00,0.00,72.93
1357732346,76,23.12,0.00,3.02,0.00,0.00,73.87
1357732347,77,23.56,0.00,3.01,0.00,0.00,73.43
1357732348,78,24.37,0.00,2.26,0.00,0.00,73.37
1357732349,79,24.62,0.00,2.76,0.00,0.00,72.61
1357732350,80,24.06,0.00,2.76,0.00,0.00,73.18
1357732351,81,21.91,0.00,4.28,0.00,0.00,73.80
1357732352,82,23.50,0.00,2.50,0.00,0.00,74.00
1357732353,83,24.12,0.00,2.51,0.00,0.00,73.37
1357732354,84,23.25,0.00,4.25,0.00,0.00,72.50
1357732355,85,23.23,0.00,2.78,0.00,0.00,73.99
1357732356,86,24.69,0.00,1.75,0.00,0.00,73.57
1357732357,87,23.23,0.00,3.54,0.00,0.00,73.23
1357732358,88,23.31,0.00,2.51,0.00,0.00,74.19
1357732359,89,22.61,0.00,4.02,0.00,0.00,73.37
1357732360,90,23.06,0.00,2.51,0.00,0.00,74.44
1357732361,91,24.94,0.00,3.53,0.00,0.00,71.54
1357732362,92,22.86,0.00,3.52,0.00,0.00,73.62
1357732363,93,26.07,0.00,2.76,0.00,0.00,71.18
1357732364,94,23.99,0.00,4.55,0.00,0.00,71.46
1357732365,95,24.94,0.00,2.00,0.00,0.00,73.07
1357732366,96,22.92,0.00,4.53,0.25,0.00,72.29
1357732367,97,17.26,0.00,10.41,0.00,0.00,72.34
1357732368,98,15.23,0.00,11.17,0.00,0.00,73.60
1357732369,99,14.50,0.00,12.47,0.00,0.00,73.03
1357732370,100,15.82,0.00,10.97,0.00,0.00,73.21
1357732371,101,15.23,0.00,11.68,0.00,0.00,73.10
1357732372,102,15.01,0.00,11.96,0.00,0.00,73.03
1357732373,103,19.13,0.00,11.73,0.00,0.00,69.13
1357732374,104,24.81,0.00,8.44,0.00,0.00,66.75
1357732375,105,23.21,0.00,8.16,0.00,0.00,68.62
1357732376,106,15.62,0.00,12.24,0.00,0.00,72.14
1357732377,107,13.84,0.00,14.36,0.00,0.00,71.80
1357732378,108,5.61,0.00,22.73,0.00,0.00,71.66
1357732379,109,5.88,0.00,22.19,0.00,0.00,71.93
1357732380,110,7.14,0.00,20.63,0.00,0.00,72.22
1357732381,111,8.53,0.00,19.20,0.00,0.00,72.27
1357732382,112,6.81,0.00,20.94,0.00,0.00,72.25
1357732383,113,7.14,0.00,20.37,0.00,0.00,72.49
1357732384,114,8.24,0.00,19.68,0.00,0.00,72.07
1357732385,115,6.93,0.00,21.07,0.00,0.00,72.00
1357732386,116,6.93,0.00,20.80,0.00,0.00,72.27
1357732387,117,6.33,0.00,21.64,0.00,0.00,72.03
1357732388,118,7.69,0.00,19.89,0.00,0.00,72.41
1357732389,119,7.65,0.00,20.05,0.00,0.00,72.30
1357732390,120,6.90,0.00,20.95,0.00,0.00,72.15
1357732391,121,6.43,0.00,22.25,0.00,0.00,71.31
1357732392,122,27.37,0.00,8.44,0.00,0.00,64.19
1357732393,123,37.19,0.00,3.02,0.00,0.00,59.80
1357732394,124,41.46,0.00,2.51,0.00,0.00,56.03
1357732395,125,41.35,0.00,2.51,0.00,0.00,56.14
1357732396,126,35.93,0.00,2.76,0.00,0.00,61.31
1357732397,127,39.85,0.00,2.76,0.00,0.00,57.39
1357732398,128,42.32,0.00,2.52,0.00,0.00,55.16
1357732399,129,35.50,0.00,3.25,0.00,0.00,61.25
1357732400,130,31.58,0.00,2.51,0.00,0.00,65.91
1357732401,131,24.37,0.00,2.76,0.00,0.00,72.86
1357732402,132,21.66,0.00,4.03,0.00,0.00,74.31
1357732403,133,23.81,0.00,2.51,0.00,0.00,73.68
1357732404,134,22.17,0.00,4.28,0.00,0.00,73.55
1357732405,135,25.44,0.00,2.00,0.00,0.00,72.57
1357732406,136,22.92,0.00,4.53,0.25,0.00,72.29
1357732407,137,25.31,0.00,1.25,0.00,0.00,73.43
1357732408,138,24.87,0.00,4.77,0.00,0.00,70.35
1357732409,139,24.50,0.00,2.50,0.00,0.00,73.00
1357732410,140,21.66,0.00,6.55,0.00,0.00,71.79
1357732411,141,15.56,0.00,10.97,0.00,0.00,73.47
1357732412,142,15.05,0.00,10.97,0.00,0.00,73.98
1357732413,143,15.23,0.00,11.68,0.00,0.00,73.10
1357732414,144,14.87,0.00,11.54,0.00,0.00,73.59
1357732415,145,14.76,0.00,12.21,0.00,0.00,73.03
1357732416,146,14.83,0.00,12.02,0.00,0.00,73.15
1357732417,147,24.23,0.00,9.44,0.00,0.00,66.33
1357732418,148,26.46,0.00,9.67,0.00,0.00,63.87
1357732419,149,18.18,0.00,11.69,0.00,0.00,70.13
1357732420,150,14.44,0.00,13.65,0.00,0.00,71.92
1357732421,151,10.61,0.00,17.51,0.00,0.00,71.88
1357732422,152,5.42,0.00,23.04,0.00,0.00,71.54
1357732423,153,6.10,0.00,22.28,0.00,0.00,71.62
1357732424,154,6.90,0.00,20.42,0.00,0.00,72.68
1357732425,155,8.49,0.00,19.36,0.00,0.00,72.15
1357732426,156,6.02,0.00,21.73,0.00,0.00,72.25
1357732427,157,6.65,0.00,20.48,0.00,0.00,72.87
1357732428,158,6.86,0.00,21.11,0.00,0.00,72.03
1357732429,159,7.26,0.00,20.70,0.00,0.00,72.04
1357732430,160,7.18,0.00,21.01,0.00,0.00,71.81
1357732431,161,7.43,0.00,20.42,0.00,0.00,72.15
1357732432,162,9.02,0.00,18.83,0.00,0.00,72.15
1357732433,163,8.75,0.00,19.10,0.00,0.00,72.15
1357732434,164,6.86,0.00,21.11,0.00,0.00,72.03
1357732435,165,8.99,0.00,20.37,0.00,0.00,70.63
1357732436,166,23.50,0.00,4.00,0.25,0.00,72.25
1357732437,167,24.31,0.00,2.01,0.00,0.00,73.68
1357732438,168,23.12,0.00,3.27,0.00,0.00,73.62
1357732439,169,23.50,0.00,3.25,0.00,0.00,73.25
1357732440,170,24.69,0.00,2.77,0.00,0.00,72.54
1357732441,171,24.37,0.00,3.02,0.00,0.00,72.61
1357732442,172,24.25,0.00,1.75,0.00,0.00,74.00
1357732443,173,22.67,0.00,3.53,0.00,0.00,73.80
1357732444,174,23.12,0.00,3.77,0.00,0.00,73.12
1357732445,175,25.06,0.00,2.01,0.00,0.00,72.93
1357732446,176,25.06,0.00,3.01,0.00,0.00,71.93
1357732447,177,25.13,0.00,3.52,0.00,0.00,71.36
1357732448,178,23.12,0.00,3.52,0.00,0.00,73.37
1357732449,179,24.75,0.00,2.00,0.00,0.00,73.25
1357732450,180,21.66,0.00,4.28,0.00,0.00,74.06
1357732451,181,24.31,0.00,2.26,0.00,0.00,73.43
1357732452,182,21.66,0.00,5.04,0.00,0.00,73.30
1357732453,183,25.38,0.00,1.01,0.00,0.00,73.62
1357732454,184,24.24,0.00,4.80,0.00,0.00,70.96
1357732455,185,23.81,0.00,1.75,0.00,0.00,74.44
1357732456,186,24.62,0.00,4.52,0.00,0.00,70.85
1357732457,187,23.37,0.00,2.51,0.00,0.00,74.12
1357732458,188,20.76,0.00,7.59,0.00,0.00,71.65
1357732459,189,15.23,0.00,11.42,0.00,0.00,73.35
1357732460,190,15.74,0.00,11.42,0.00,0.00,72.84
1357732461,191,15.01,0.00,11.70,0.00,0.00,73.28
1357732462,192,16.28,0.00,10.94,0.00,0.00,72.77
1357732463,193,15.27,0.00,11.96,0.00,0.00,72.77
1357732464,194,15.33,0.00,11.81,0.00,0.00,72.86
1357732465,195,24.87,0.00,7.69,0.00,0.00,67.44
1357732466,196,25.13,0.00,8.38,0.00,0.00,66.50
1357732467,197,19.38,0.00,8.53,0.00,0.00,72.09
1357732468,198,19.32,0.00,9.92,0.00,0.00,70.76
1357732469,199,19.28,0.00,10.54,0.00,0.00,70.18
1357732470,200,16.32,0.00,13.95,0.00,0.00,69.74
1357732471,201,10.34,0.00,18.04,0.00,0.00,71.62
1357732472,202,8.22,0.00,19.36,0.00,0.00,72.41
1357732473,203,7.16,0.00,20.42,0.00,0.00,72.41
1357732474,204,6.58,0.00,21.05,0.00,0.00,72.37
1357732475,205,7.43,0.00,20.69,0.00,0.00,71.88
1357732476,206,7.49,0.00,20.59,0.00,0.00,71.93
1357732477,207,7.77,0.00,20.64,0.27,0.00,71.31
1357732478,208,6.13,0.00,21.87,0.00,0.00,72.00
1357732479,209,7.89,0.00,20.26,0.00,0.00,71.84
1357732480,210,7.45,0.00,19.95,0.00,0.00,72.61
1357732481,211,8.95,0.00,19.21,0.00,0.00,71.84
1357732482,212,5.63,0.00,22.79,0.00,0.00,71.58
1357732483,213,10.29,0.00,19.00,0.00,0.00,70.71
1357732484,214,35.52,0.00,3.53,0.00,0.00,60.96
1357732485,215,40.95,0.00,2.01,0.00,0.00,57.04
1357732486,216,42.36,0.00,2.51,0.00,0.00,55.14
1357732487,217,39.10,0.00,3.51,0.00,0.00,57.39
1357732488,218,37.44,0.00,1.76,0.00,0.00,60.80
1357732489,219,41.35,0.00,2.01,0.00,0.00,56.64
1357732490,220,44.00,0.00,3.00,0.00,0.00,53.00
1357732491,221,31.91,0.00,3.52,0.00,0.00,64.57
1357732492,222,25.69,0.00,3.02,0.00,0.00,71.28
1357732493,223,24.31,0.00,1.00,0.00,0.00,74.69
1357732494,224,21.86,0.00,5.28,0.00,0.00,72.86
1357732495,225,23.56,0.00,2.01,0.00,0.00,74.44
1357732496,226,24.12,0.00,4.27,0.00,0.00,71.61
1357732497,227,23.62,0.00,2.76,0.00,0.00,73.62
1357732498,228,25.13,0.00,3.52,0.00,0.00,71.36
1357732499,229,24.62,0.00,3.52,0.00,0.00,71.86
1357732500,230,24.56,0.00,2.76,0.00,0.00,72.68
1357732501,231,22.92,0.00,4.53,0.00,0.00,72.54
1357732502,232,18.18,0.00,9.85,0.00,0.00,71.97
1357732503,233,14.83,0.00,11.25,0.00,0.00,73.91
1357732504,234,15.01,0.00,11.45,0.00,0.00,73.54
1357732505,235,14.10,0.00,12.31,0.00,0.00,73.59
1357732506,236,15.01,0.00,11.96,0.00,0.00,73.03
1357732507,237,14.54,0.00,12.24,0.00,0.00,73.21
1357732508,238,16.97,0.00,13.11,0.00,0.00,69.92
1357732509,239,22.16,0.00,11.86,0.00,0.00,65.98
1357732510,240,21.45,0.00,11.37,0.00,0.00,67.18
1357732511,241,15.62,0.00,12.76,0.00,0.00,71.61
1357732512,242,15.61,0.00,13.23,0.00,0.00,71.16
1357732513,243,9.33,0.00,20.00,0.00,0.00,70.67
1357732514,244,10.05,0.00,18.78,0.00,0.00,71.16
1357732515,245,14.88,0.00,14.88,0.00,0.00,70.23
1357732516,246,13.21,0.00,15.28,0.00,0.00,71.50
1357732517,247,12.50,0.00,15.62,0.00,0.00,71.88
1357732518,248,4.72,0.00,22.83,0.00,0.00,72.44
1357732519,249,5.53,0.00,21.84,0.26,0.00,72.37
1357732520,250,6.40,0.00,22.13,0.00,0.00,71.47
1357732521,251,6.40,0.00,21.33,0.00,0.00,72.27
1357732522,252,5.54,0.00,22.16,0.00,0.00,72.30
1357732523,253,4.97,0.00,22.77,0.00,0.00,72.25
1357732524,254,3.95,0.00,22.89,0.00,0.00,73.16
1357732525,255,5.54,0.00,22.96,0.00,0.00,71.50
1357732526,256,6.15,0.00,22.73,0.00,0.00,71.12
1357732527,257,18.72,0.00,8.72,0.00,0.00,72.56
1357732528,258,24.50,0.00,2.75,0.00,0.00,72.75
1357732529,259,23.31,0.00,2.76,0.00,0.00,73.93
1357732530,260,23.87,0.00,2.51,0.00,0.00,73.62
1357732531,261,24.31,0.00,3.51,0.00,0.00,72.18
1357732532,262,24.62,0.00,2.51,0.00,0.00,72.86
1357732533,263,23.81,0.00,3.01,0.00,0.00,73.18
1357732534,264,22.67,0.00,3.78,0.00,0.00,73.55
1357732535,265,23.62,0.00,2.26,0.00,0.00,74.12
1357732536,266,24.94,0.00,2.49,0.00,0.00,72.57
1357732537,267,24.18,0.00,3.78,0.00,0.00,72.04
1357732538,268,23.56,0.00,3.51,0.00,0.00,72.93
1357732539,269,25.13,0.00,1.76,0.00,0.00,73.12
1357732540,270,23.06,0.00,3.26,0.00,0.00,73.68
1357732541,271,21.66,0.00,4.03,0.00,0.00,74.31
1357732542,272,23.87,0.00,2.51,0.00,0.00,73.62
1357732543,273,22.31,0.00,4.51,0.00,0.00,73.18
1357732544,274,25.56,0.00,2.01,0.00,0.00,72.43
1357732545,275,23.68,0.00,4.53,0.00,0.00,71.79
1357732546,276,25.06,0.00,1.75,0.00,0.00,73.18
1357732547,277,25.38,0.00,4.77,0.00,0.00,69.85
1357732548,278,24.69,0.00,2.24,0.00,0.00,73.07
1357732549,279,21.77,0.00,6.84,0.00,0.00,71.39
1357732550,280,13.99,0.00,12.21,0.00,0.00,73.79
1357732551,281,13.45,0.00,13.20,0.00,0.00,73.35
1357732552,282,13.55,0.00,13.30,0.00,0.00,73.15
1357732553,283,13.78,0.00,13.01,0.00,0.00,73.21
1357732554,284,14.21,0.00,12.44,0.00,0.00,73.35
1357732555,285,14.62,0.00,12.05,0.00,0.00,73.33
1357732556,286,22.96,0.00,10.46,0.00,0.00,66.58
1357732557,287,25.32,0.00,10.74,0.00,0.00,63.94
1357732558,288,23.85,0.00,7.95,0.00,0.00,68.21
1357732559,289,21.43,0.00,8.93,0.00,0.00,69.64
1357732560,290,18.49,0.00,11.72,0.00,0.00,69.79
1357732561,291,4.83,0.00,23.06,0.00,0.00,72.12
1357732562,292,6.40,0.00,22.40,0.00,0.00,71.20
1357732563,293,9.79,0.00,18.52,0.00,0.00,71.69
1357732564,294,9.52,0.00,18.52,0.00,0.00,71.96
1357732565,295,7.39,0.00,20.84,0.00,0.00,71.77
1357732566,296,5.59,0.00,22.34,0.00,0.00,72.07
1357732567,297,6.43,0.00,21.45,0.00,0.00,72.12
1357732568,298,5.32,0.00,22.61,0.00,0.00,72.07
1357732569,299,5.90,0.00,22.52,0.00,0.00,71.58
1357732570,300,4.76,0.00,23.02,0.00,0.00,72.22
1357732571,301,5.00,0.00,22.37,0.00,0.00,72.63
1357732572,302,6.10,0.00,21.75,0.00,0.00,72.15
1357732573,303,5.80,0.00,22.16,0.00,0.00,72.03
1357732574,304,6.91,0.00,21.28,0.00,0.00,71.81
1357732575,305,27.37,0.00,8.44,0.00,0.00,64.19
1357732576,306,36.96,0.00,2.78,0.00,0.00,60.25
1357732577,307,41.25,0.00,2.75,0.00,0.00,56.00
1357732578,308,41.71,0.00,2.26,0.25,0.00,55.78
1357732579,309,35.25,0.00,3.25,0.00,0.00,61.50
1357732580,310,40.20,0.00,2.26,0.00,0.00,57.54
1357732581,311,41.96,0.00,2.76,0.00,0.00,55.28
1357732582,312,35.18,0.00,3.52,0.00,0.00,61.31
1357732583,313,34.16,0.00,2.49,0.00,0.00,63.34
1357732584,314,24.37,0.00,3.27,0.00,0.00,72.36
1357732585,315,21.41,0.00,4.53,0.00,0.00,74.06
1357732586,316,24.06,0.00,2.01,0.00,0.00,73.93
1357732587,317,21.16,0.00,5.54,0.00,0.00,73.30
1357732588,318,26.07,0.00,1.50,0.00,0.00,72.43
1357732589,319,24.30,0.00,4.81,0.00,0.00,70.89
1357732590,320,25.19,0.00,2.24,0.00,0.00,72.57
1357732591,321,25.94,0.00,4.53,0.00,0.00,69.52
1357732592,322,24.37,0.00,2.51,0.00,0.00,73.12
1357732593,323,19.24,0.00,8.61,0.00,0.00,72.15
1357732594,324,13.92,0.00,12.41,0.00,0.00,73.67
1357732595,325,14.25,0.00,11.96,0.00,0.00,73.79
1357732596,326,14.25,0.00,12.21,0.00,0.00,73.54
1357732597,327,14.32,0.00,11.76,0.00,0.00,73.91
1357732598,328,14.21,0.00,12.44,0.00,0.00,73.35
1357732599,329,15.31,0.00,12.50,0.00,0.00,72.19
1357732600,330,25.58,0.00,7.93,0.00,0.00,66.50
1357732601,331,23.71,0.00,11.08,0.00,0.00,65.21
1357732602,332,18.39,0.00,11.14,0.00,0.00,70.47
1357732603,333,17.71,0.00,10.68,0.26,0.00,71.35
1357732604,334,11.38,0.00,16.67,0.00,0.00,71.96
1357732605,335,6.12,0.00,22.07,0.00,0.00,71.81
1357732606,336,6.10,0.00,21.75,0.00,0.00,72.15
1357732607,337,5.07,0.00,22.93,0.00,0.00,72.00
1357732608,338,4.46,0.00,23.10,0.00,0.00,72.44
1357732609,339,5.28,0.00,22.43,0.00,0.00,72.30
1357732610,340,4.80,0.00,22.93,0.00,0.00,72.27
1357732611,341,4.23,0.00,23.28,0.00,0.00,72.49
1357732612,342,5.11,0.00,23.12,0.00,0.00,71.77
1357732613,343,4.81,0.00,23.53,0.00,0.00,71.66
1357732614,344,5.08,0.00,22.73,0.00,0.00,72.19
1357732615,345,4.75,0.00,22.96,0.00,0.00,72.30
1357732616,346,5.04,0.00,22.28,0.00,0.00,72.68
1357732617,347,5.31,0.00,23.08,0.00,0.00,71.62
1357732618,348,10.00,0.00,18.95,0.00,0.00,71.05
1357732619,349,31.92,0.00,3.49,0.00,0.00,64.59
1357732620,350,39.14,0.00,2.27,0.00,0.00,58.59
1357732621,351,41.35,0.00,2.76,0.00,0.00,55.89
1357732622,352,40.81,0.00,2.77,0.00,0.00,56.42
1357732623,353,35.75,0.00,2.75,0.00,0.00,61.50
1357732624,354,41.85,0.00,2.01,0.00,0.00,56.14
1357732625,355,44.00,0.00,3.00,0.00,0.00,53.00
1357732626,356,30.73,0.00,3.02,0.00,0.00,66.25
1357732627,357,29.32,0.00,3.26,0.00,0.00,67.42
1357732628,358,24.19,0.00,1.75,0.00,0.00,74.06
1357732629,359,20.45,0.00,5.56,0.00,0.00,73.99
1357732630,360,25.06,0.00,1.00,0.00,0.00,73.93
1357732631,361,22.67,0.00,5.29,0.00,0.00,72.04
1357732632,362,24.50,0.00,2.00,0.00,0.00,73.50
1357732633,363,24.62,0.00,5.03,0.00,0.00,70.35
1357732634,364,24.37,0.00,2.26,0.00,0.00,73.37
1357732635,365,24.87,0.00,3.77,0.00,0.00,71.36
1357732636,366,24.37,0.00,3.77,0.00,0.00,71.86
1357732637,367,18.69,0.00,8.59,0.00,0.00,72.73
1357732638,368,13.74,0.00,12.98,0.00,0.00,73.28
1357732639,369,13.23,0.00,13.49,0.00,0.00,73.28
1357732640,370,13.78,0.00,12.76,0.00,0.00,73.47
1357732641,371,13.74,0.00,12.98,0.00,0.00,73.28
1357732642,372,13.74,0.00,12.98,0.00,0.00,73.28
1357732643,373,15.82,0.00,13.01,0.00,0.00,71.17
1357732644,374,18.75,0.00,14.06,0.00,0.00,67.19
1357732645,375,24.94,0.00,9.25,0.00,0.00,65.81
1357732646,376,15.06,0.00,12.73,0.00,0.00,72.21
1357732647,377,13.32,0.00,15.14,0.00,0.00,71.54
1357732648,378,9.52,0.00,19.31,0.26,0.00,70.90
1357732649,379,4.31,0.00,24.26,0.00,0.00,71.43
1357732650,380,4.56,0.00,24.40,0.00,0.00,71.05
1357732651,381,3.42,0.00,23.68,0.00,0.00,72.89
1357732652,382,4.77,0.00,23.34,0.00,0.00,71.88
1357732653,383,5.85,0.00,22.07,0.00,0.00,72.07
1357732654,384,4.71,0.00,22.77,0.00,0.00,72.51
1357732655,385,4.50,0.00,22.75,0.00,0.00,72.75
1357732656,386,4.27,0.00,24.00,0.00,0.00,71.73
1357732657,387,4.00,0.00,24.00,0.00,0.00,72.00
1357732658,388,3.96,0.00,23.48,0.00,0.00,72.56
1357732659,389,4.75,0.00,23.22,0.00,0.00,72.03
1357732660,390,4.52,0.00,23.14,0.00,0.00,72.34
1357732661,391,5.03,0.00,23.02,0.00,0.00,71.96
1357732662,392,9.40,0.00,19.32,0.00,0.00,71.28
1357732663,393,24.31,0.00,2.76,0.00,0.00,72.93
1357732664,394,25.31,0.00,2.76,0.00,0.00,71.93
1357732665,395,23.12,0.00,3.27,0.00,0.00,73.62
1357732666,396,24.37,0.00,3.02,0.00,0.00,72.61
1357732667,397,23.56,0.00,3.01,0.00,0.00,73.43
1357732668,398,24.75,0.00,3.00,0.00,0.00,72.25
1357732669,399,22.86,0.00,3.02,0.00,0.00,74.12
1357732670,400,23.12,0.00,3.02,0.00,0.00,73.87
1357732671,401,23.43,0.00,4.03,0.00,0.00,72.54
1357732672,402,23.50,0.00,3.50,0.00,0.00,73.00
1357732673,403,23.87,0.00,2.26,0.00,0.00,73.87
1357732674,404,22.86,0.00,4.27,0.00,0.00,72.86
1357732675,405,22.56,0.00,3.76,0.00,0.00,73.68
1357732676,406,24.62,0.00,1.51,0.00,0.00,73.87
1357732677,407,20.00,0.00,5.57,0.00,0.00,74.43
1357732678,408,24.50,0.00,1.75,0.00,0.00,73.75
1357732679,409,21.61,0.00,6.03,0.00,0.00,72.36
1357732680,410,24.56,0.00,1.25,0.00,0.00,74.19
1357732681,411,22.73,0.00,6.57,0.00,0.00,70.71
1357732682,412,24.69,0.00,2.49,0.00,0.00,72.82
1357732683,413,22.42,0.00,5.04,0.25,0.00,72.29
1357732684,414,23.31,0.00,2.26,0.00,0.00,74.44
1357732685,415,20.45,0.00,7.83,0.00,0.00,71.72
1357732686,416,13.49,0.00,13.23,0.00,0.00,73.28
1357732687,417,13.96,0.00,12.44,0.00,0.00,73.60
1357732688,418,13.42,0.00,13.42,0.00,0.00,73.16
1357732689,419,13.78,0.00,13.01,0.00,0.00,73.21
1357732690,420,13.55,0.00,13.30,0.00,0.00,73.15
1357732691,421,13.23,0.00,13.74,0.00,0.00,73.03
1357732692,422,22.76,0.00,10.23,0.00,0.00,67.01
1357732693,423,21.15,0.00,11.49,0.00,0.00,67.36
1357732694,424,19.59,0.00,10.31,0.00,0.00,70.10
1357732695,425,18.91,0.00,9.33,0.00,0.00,71.76
1357732696,426,10.21,0.00,18.06,0.00,0.00,71.73
1357732697,427,5.91,0.00,22.58,0.00,0.00,71.51
1357732698,428,12.30,0.00,15.97,0.00,0.00,71.73
1357732699,429,18.60,0.00,10.59,0.00,0.00,70.80
1357732700,430,18.30,0.00,10.57,0.00,0.00,71.13
1357732701,431,16.71,0.00,12.34,0.00,0.00,70.95
1357732702,432,16.75,0.00,11.86,0.00,0.00,71.39
1357732703,433,6.68,0.00,21.93,0.00,0.00,71.39
1357732704,434,5.04,0.00,23.34,0.00,0.00,71.62
1357732705,435,4.52,0.00,23.40,0.00,0.00,72.07
1357732706,436,3.97,0.00,23.28,0.00,0.00,72.75
1357732707,437,5.03,0.00,22.75,0.00,0.00,72.22
1357732708,438,4.51,0.00,23.61,0.27,0.00,71.62
1357732709,439,6.63,0.00,21.75,0.00,0.00,71.62
1357732710,440,19.54,0.00,7.61,0.00,0.00,72.84
1357732711,441,27.71,0.00,2.27,0.00,0.00,70.03
1357732712,442,40.85,0.00,2.51,0.00,0.00,56.64
1357732713,443,37.84,0.00,3.51,0.00,0.00,58.65
1357732714,444,31.00,0.00,2.75,0.00,0.00,66.25
1357732715,445,23.81,0.00,2.51,0.00,0.00,73.68
1357732716,446,21.66,0.00,4.03,0.00,0.00,74.31
1357732717,447,24.00,0.00,2.50,0.00,0.00,73.50
1357732718,448,24.37,0.00,3.02,0.00,0.00,72.61
1357732719,449,23.87,0.00,4.02,0.00,0.00,72.11
1357732720,450,23.17,0.00,3.27,0.00,0.00,73.55
1357732721,451,27.00,0.00,2.00,0.00,0.00,71.00
1357732722,452,23.68,0.00,4.03,0.00,0.00,72.29
1357732723,453,22.56,0.00,3.51,0.00,0.00,73.93
1357732724,454,22.36,0.00,4.02,0.00,0.00,73.62
1357732725,455,22.22,0.00,3.54,0.00,0.00,74.24
1357732726,456,25.13,0.00,3.27,0.00,0.00,71.61
1357732727,457,22.67,0.00,4.53,0.00,0.00,72.80
1357732728,458,26.18,0.00,2.49,0.00,0.00,71.32
1357732729,459,25.00,0.00,5.05,0.00,0.00,69.95
1357732730,460,25.56,0.00,1.00,0.00,0.00,73.43
1357732731,461,23.68,0.00,6.55,0.00,0.00,69.77
1357732732,462,13.45,0.00,12.94,0.00,0.00,73.60
1357732733,463,13.23,0.00,13.49,0.00,0.00,73.28
1357732734,464,13.52,0.00,13.01,0.00,0.00,73.47
1357732735,465,13.55,0.00,13.30,0.00,0.00,73.15
1357732736,466,13.01,0.00,13.52,0.00,0.00,73.47
1357732737,467,13.45,0.00,13.20,0.00,0.00,73.35
1357732738,468,2.76,0.00,3.26,0.75,0.00,93.23
1357732739,469,0.00,0.00,0.00,0.00,0.00,100.00
1357732740,470,0.00,0.00,0.00,0.00,0.00,100.00
1357732741,471,0.00,0.00,0.00,0.00,0.00,100.00
1357732742,472,0.00,0.00,0.00,0.00,0.00,100.00
