timestamp,offset,pct_user,pct_nice,pct_system,pct_iowait,pct_steal,pct_idle
1356625574,1,0.26,0.00,1.53,32.74,0.00,65.47
1356625575,2,1.30,0.00,3.91,13.80,0.00,80.99
1356625576,3,0.00,0.00,0.51,0.00,0.00,99.49
1356625577,4,0.25,0.00,0.25,0.00,0.00,99.50
1356625578,5,0.00,0.00,0.25,0.00,0.00,99.75
1356625579,6,0.00,0.00,0.26,0.00,0.00,99.74
1356625580,7,0.00,0.00,0.51,0.00,0.00,99.49
1356625581,8,0.26,0.00,0.26,0.00,0.00,99.48
1356625582,9,0.00,0.00,0.26,0.00,0.00,99.74
1356625583,10,0.00,0.00,0.25,0.00,0.00,99.75
1356625584,11,0.00,0.00,0.52,0.00,0.00,99.48
1356625585,12,0.25,0.00,0.51,0.00,0.00,99.24
1356625586,13,0.00,0.00,0.26,0.00,0.00,99.74
1356625587,14,0.00,0.00,0.25,0.00,0.00,99.75
1356625588,15,0.00,0.00,0.50,0.00,0.00,99.50
1356625589,16,0.00,0.00,0.25,0.00,0.00,99.75
1356625590,17,0.76,0.00,22.17,2.77,0.00,74.31
1356625591,18,1.50,0.00,49.00,0.00,0.00,49.50
1356625592,19,1.75,0.00,47.62,0.00,0.00,50.63
1356625593,20,1.26,0.00,48.99,0.00,0.00,49.75
1356625594,21,1.25,0.00,49.25,0.50,0.00,49.00
1356625595,22,0.75,0.00,49.50,0.00,0.00,49.75
1356625596,23,1.01,0.00,49.50,1.01,0.00,48.49
1356625597,24,1.51,0.00,48.74,0.00,0.00,49.75
1356625598,25,1.75,0.00,48.62,0.00,0.00,49.62
1356625599,26,1.01,0.00,49.25,0.00,0.00,49.75
1356625600,27,1.50,0.00,48.75,0.00,0.00,49.75
1356625601,28,1.25,0.00,49.12,0.00,0.00,49.62
1356625602,29,1.50,0.00,48.87,0.00,0.00,49.62
1356625603,30,1.00,0.00,49.50,0.00,0.00,49.50
1356625604,31,1.25,0.00,49.37,0.00,0.00,49.37
1356625605,32,1.25,0.00,49.12,0.00,0.00,49.62
1356625606,33,1.76,0.00,48.49,0.00,0.00,49.75
1356625607,34,1.75,0.00,48.37,0.00,0.00,49.87
1356625608,35,1.26,0.00,48.87,0.00,0.00,49.87
1356625609,36,2.51,0.00,47.74,0.00,0.00,49.75
1356625610,37,0.50,0.00,50.00,0.00,0.00,49.50
1356625611,38,1.00,0.00,49.50,0.00,0.00,49.50
1356625612,39,1.01,0.00,49.25,0.00,0.00,49.75
1356625613,40,1.01,0.00,49.25,0.00,0.00,49.75
1356625614,41,0.75,0.00,49.87,0.00,0.00,49.37
1356625615,42,0.75,0.00,49.13,0.00,0.00,50.12
1356625616,43,1.50,0.00,48.87,0.00,0.00,49.62
1356625617,44,2.01,0.00,48.12,0.00,0.00,49.87
1356625618,45,1.75,0.00,48.37,0.00,0.00,49.87
1356625619,46,4.27,0.00,45.98,0.00,0.00,49.75
1356625620,47,5.47,0.00,45.02,0.00,0.00,49.50
1356625621,48,6.00,0.00,44.25,0.00,0.00,49.75
1356625622,49,5.01,0.00,45.36,0.00,0.00,49.62
1356625623,50,8.75,0.00,41.25,0.00,0.00,50.00
1356625624,51,17.17,0.00,32.58,0.00,0.00,50.25
1356625625,52,17.09,0.00,32.41,0.00,0.00,50.50
1356625626,53,18.43,0.00,30.81,0.00,0.00,50.76
1356625627,54,18.09,0.00,31.41,0.00,0.00,50.50
1356625628,55,17.22,0.00,31.90,0.00,0.00,50.89
1356625629,56,17.93,0.00,31.57,0.00,0.00,50.51
1356625630,57,17.34,0.00,32.41,0.00,0.00,50.25
1356625631,58,18.20,0.00,31.67,0.00,0.00,50.12
1356625632,59,20.30,0.00,28.07,0.00,0.00,51.63
1356625633,60,21.61,0.00,26.88,0.00,0.00,51.51
1356625634,61,20.41,0.00,27.55,0.00,0.00,52.04
1356625635,62,21.66,0.00,26.95,0.00,0.00,51.39
1356625636,63,22.22,0.00,26.01,0.00,0.00,51.77
1356625637,64,21.97,0.00,26.52,0.00,0.00,51.52
1356625638,65,21.46,0.00,27.02,0.00,0.00,51.52
1356625639,66,19.95,0.00,28.28,0.00,0.00,51.77
1356625640,67,20.76,0.00,27.09,0.00,0.00,52.15
1356625641,68,21.94,0.00,25.51,0.00,0.00,52.55
1356625642,69,20.96,0.00,27.27,0.00,0.00,51.77
1356625643,70,23.17,0.00,23.93,0.00,0.00,52.90
1356625644,71,26.57,0.00,21.30,0.00,0.00,52.13
1356625645,72,22.96,0.00,23.47,0.00,0.00,53.57
1356625646,73,23.74,0.00,23.48,0.00,0.00,52.78
1356625647,74,23.68,0.00,23.17,0.00,0.00,53.15
1356625648,75,24.50,0.00,23.25,0.00,0.00,52.25
1356625649,76,23.31,0.00,24.06,0.00,0.00,52.63
1356625650,77,23.48,0.00,23.74,0.00,0.00,52.78
1356625651,78,22.67,0.00,24.43,0.00,0.00,52.90
1356625652,79,22.90,0.00,24.17,0.00,0.00,52.93
1356625653,80,24.37,0.00,22.59,0.00,0.00,53.05
1356625654,81,23.47,0.00,23.98,0.00,0.00,52.55
1356625655,82,23.54,0.00,23.54,0.00,0.00,52.91
1356625656,83,25.19,0.00,22.67,0.00,0.00,52.14
1356625657,84,8.56,0.00,38.79,0.00,0.00,52.64
1356625658,85,3.79,0.00,43.94,1.77,0.00,50.51
1356625659,86,3.82,0.00,42.49,1.53,0.00,52.16
1356625660,87,3.31,0.00,43.00,2.04,0.00,51.65
1356625661,88,7.95,0.00,28.72,3.85,0.00,59.49
1356625662,89,23.94,0.00,1.50,0.00,0.00,74.56
1356625663,90,21.72,0.00,4.04,0.00,0.00,74.24
1356625664,91,14.50,0.00,12.21,0.00,0.00,73.28
1356625665,92,14.90,0.00,12.12,0.00,0.00,72.98
1356625666,93,17.17,0.00,10.10,0.00,0.00,72.73
1356625667,94,24.12,0.00,1.26,0.00,0.00,74.62
1356625668,95,24.62,0.00,0.75,0.00,0.00,74.62
1356625669,96,23.94,0.00,2.00,0.00,0.00,74.06
1356625670,97,22.31,0.00,3.51,0.00,0.00,74.19
1356625671,98,18.02,0.00,3.30,2.79,0.00,75.89
1356625672,99,24.69,0.00,1.00,0.00,0.00,74.31
1356625673,100,24.37,0.00,1.01,0.00,0.00,74.62
1356625674,101,24.75,0.00,0.75,0.00,0.00,74.50
1356625675,102,24.81,0.00,0.75,0.00,0.00,74.44
1356625676,103,6.30,0.00,1.26,0.00,0.00,92.44
1356625677,104,0.00,0.00,0.00,0.00,0.00,100.00
1356625678,105,0.00,0.00,0.00,0.00,0.00,100.00
1356625679,106,0.00,0.00,0.00,0.00,0.00,100.00
1356625680,107,0.00,0.00,0.00,0.00,0.00,100.00
1356625681,108,0.00,0.00,0.00,0.00,0.00,100.00
1356625682,109,0.00,0.00,0.00,0.00,0.00,100.00
1356625683,110,0.00,0.00,0.00,0.00,0.00,100.00
1356625684,111,0.00,0.00,0.00,0.00,0.00,100.00
1356625685,112,0.00,0.00,0.00,0.00,0.00,100.00
1356625686,113,0.00,0.00,0.00,0.00,0.00,100.00
1356625687,114,0.00,0.00,0.00,0.00,0.00,100.00
1356625688,115,0.00,0.00,0.00,0.00,0.00,100.00
1356625689,116,0.00,0.00,0.75,0.00,0.00,99.25
1356625690,117,0.00,0.00,0.00,0.00,0.00,100.00
