timestamp,offset,pct_user,pct_nice,pct_system,pct_iowait,pct_steal,pct_idle
1356527136,1,6.75,0.00,2.86,18.70,0.00,71.69
1356527137,2,0.25,0.00,0.51,0.76,0.00,98.48
1356527138,3,0.00,0.00,0.50,0.00,0.00,99.50
1356527139,4,0.00,0.00,0.50,2.51,0.00,96.98
1356527140,5,0.00,0.00,0.75,3.25,0.00,96.00
1356527141,6,0.25,0.00,0.50,0.00,0.00,99.25
1356527142,7,0.00,0.00,0.50,0.00,0.00,99.50
1356527143,8,0.00,0.00,0.50,0.00,0.00,99.50
1356527144,9,0.00,0.00,0.25,0.00,0.00,99.75
1356527145,10,0.00,0.00,0.50,6.30,0.00,93.20
1356527146,11,0.25,0.00,0.25,0.00,0.00,99.50
1356527147,12,0.00,0.00,0.25,0.00,0.00,99.75
1356527148,13,0.25,0.00,0.50,0.00,0.00,99.25
1356527149,14,0.00,0.00,0.50,0.00,0.00,99.50
1356527150,15,0.00,0.00,0.25,3.54,0.00,96.21
1356527151,16,0.00,0.00,0.25,0.00,0.00,99.75
1356527152,17,1.25,0.00,45.00,3.50,0.00,50.25
1356527153,18,1.01,0.00,49.25,0.00,0.00,49.75
1356527154,19,1.25,0.00,48.87,0.00,0.00,49.87
1356527155,20,1.01,0.00,48.99,3.52,0.00,46.48
1356527156,21,1.00,0.00,49.37,0.00,0.00,49.62
1356527157,22,1.00,0.00,49.37,6.52,0.00,43.11
1356527158,23,1.01,0.00,49.25,5.78,0.00,43.97
1356527159,24,0.75,0.00,49.75,4.27,0.00,45.23
1356527160,25,1.25,0.00,49.12,0.00,0.00,49.62
1356527161,26,0.75,0.00,49.62,0.00,0.00,49.62
1356527162,27,1.26,0.00,48.99,0.00,0.00,49.75
1356527163,28,1.75,0.00,49.00,10.50,0.00,38.75
1356527164,29,1.26,0.00,49.25,5.78,0.00,43.72
1356527165,30,0.51,0.00,49.75,3.28,0.00,46.46
1356527166,31,1.26,0.00,48.99,1.51,0.00,48.24
1356527167,32,1.01,0.00,49.25,4.52,0.00,45.23
1356527168,33,1.00,0.00,49.12,2.01,0.00,47.87
1356527169,34,1.25,0.00,49.25,4.50,0.00,45.00
1356527170,35,0.76,0.00,49.62,2.52,0.00,47.10
1356527171,36,1.00,0.00,49.37,0.00,0.00,49.62
1356527172,37,1.00,0.00,49.62,0.00,0.00,49.37
1356527173,38,0.50,0.00,49.87,0.00,0.00,49.62
1356527174,39,1.01,0.00,49.25,5.03,0.00,44.72
1356527175,40,0.76,0.00,49.62,0.00,0.00,49.62
1356527176,41,1.25,0.00,49.00,0.25,0.00,49.50
1356527177,42,1.26,0.00,49.12,9.07,0.00,40.55
1356527178,43,1.25,0.00,49.25,5.00,0.00,44.50
1356527179,44,2.27,0.00,48.11,4.03,0.00,45.59
1356527180,45,6.27,0.00,44.11,0.00,0.00,49.62
1356527181,46,7.02,0.00,43.36,0.00,0.00,49.62
1356527182,47,4.51,0.00,45.86,0.00,0.00,49.62
1356527183,48,6.55,0.00,43.58,0.00,0.00,49.87
1356527184,49,15.62,0.00,33.75,4.53,0.00,46.10
1356527185,50,17.04,0.00,32.58,0.50,0.00,49.87
1356527186,51,17.63,0.00,31.99,0.00,0.00,50.38
1356527187,52,16.88,0.00,32.75,0.00,0.00,50.38
1356527188,53,16.25,0.00,33.00,0.00,0.00,50.75
1356527189,54,17.51,0.00,31.73,2.54,0.00,48.22
1356527190,55,18.14,0.00,30.73,0.50,0.00,50.63
1356527191,56,17.79,0.00,32.08,0.00,0.00,50.13
1356527192,57,18.23,0.00,30.89,0.00,0.00,50.89
1356527193,58,22.61,0.00,26.13,0.00,0.00,51.26
1356527194,59,20.91,0.00,27.96,0.76,0.00,50.38
1356527195,60,21.66,0.00,27.46,3.78,0.00,47.10
1356527196,61,21.21,0.00,27.02,0.00,0.00,51.77
1356527197,62,21.46,0.00,26.77,0.00,0.00,51.77
1356527198,63,20.85,0.00,28.14,0.00,0.00,51.01
1356527199,64,19.95,0.00,28.03,0.00,0.00,52.02
1356527200,65,20.60,0.00,27.89,1.51,0.00,50.00
1356527201,66,20.45,0.00,27.78,0.00,0.00,51.77
1356527202,67,21.52,0.00,26.84,0.00,0.00,51.65
1356527203,68,21.72,0.00,26.01,0.00,0.00,52.27
1356527204,69,23.72,0.00,22.96,0.00,0.00,53.32
1356527205,70,25.06,0.00,22.78,2.78,0.00,49.37
1356527206,71,26.13,0.00,21.61,0.00,0.00,52.26
1356527207,72,25.57,0.00,21.77,0.00,0.00,52.66
1356527208,73,23.66,0.00,23.16,0.00,0.00,53.18
1356527209,74,24.62,0.00,22.59,0.00,0.00,52.79
1356527210,75,24.05,0.00,24.05,4.30,0.00,47.59
1356527211,76,23.47,0.00,23.21,0.00,0.00,53.32
1356527212,77,23.59,0.00,23.08,0.00,0.00,53.33
1356527213,78,24.23,0.00,23.21,0.00,0.00,52.55
1356527214,79,24.62,0.00,22.05,0.00,0.00,53.33
1356527215,80,24.74,0.00,22.70,1.53,0.00,51.02
1356527216,81,25.06,0.00,22.78,0.00,0.00,52.15
1356527217,82,19.90,0.00,27.30,3.83,0.00,48.98
1356527218,83,3.30,0.00,43.65,4.06,0.00,48.98
1356527219,84,3.83,0.00,42.86,10.20,0.00,43.11
1356527220,85,3.54,0.00,43.54,11.90,0.00,41.01
1356527221,86,3.32,0.00,42.86,10.20,0.00,43.62
1356527222,87,16.58,0.00,11.56,2.51,0.00,69.35
1356527223,88,24.31,0.00,1.00,0.00,0.00,74.69
1356527224,89,16.88,0.00,10.33,0.00,0.00,72.80
1356527225,90,14.97,0.00,11.93,0.00,0.00,73.10
1356527226,91,15.70,0.00,11.65,0.00,0.00,72.66
1356527227,92,22.31,0.00,3.51,3.76,0.00,70.43
1356527228,93,24.37,0.00,1.26,0.00,0.00,74.37
1356527229,94,24.62,0.00,1.01,0.00,0.00,74.37
1356527230,95,23.43,0.00,2.52,5.04,0.00,69.02
1356527231,96,21.80,0.00,4.01,0.00,0.00,74.19
1356527232,97,17.93,0.00,3.54,7.83,0.00,70.71
1356527233,98,24.56,0.00,1.00,0.00,0.00,74.44
1356527234,99,24.62,0.00,0.75,0.00,0.00,74.62
1356527235,100,24.50,0.00,1.25,0.00,0.00,74.25
1356527236,101,24.31,0.00,1.25,0.00,0.00,74.44
1356527237,102,1.02,0.00,1.02,13.30,0.00,84.65
1356527238,103,0.00,0.00,0.00,0.00,0.00,100.00
1356527239,104,0.00,0.00,0.00,0.00,0.00,100.00
1356527240,105,0.00,0.00,0.00,0.00,0.00,100.00
1356527241,106,0.00,0.00,0.00,0.00,0.00,100.00
1356527242,107,0.00,0.00,0.00,0.00,0.00,100.00
1356527243,108,0.00,0.00,0.00,3.51,0.00,96.49
1356527244,109,0.00,0.00,0.00,0.00,0.00,100.00
1356527245,110,0.00,0.00,0.00,0.00,0.00,100.00
1356527246,111,0.00,0.00,0.25,0.00,0.00,99.75
1356527247,112,0.00,0.00,0.00,0.00,0.00,100.00
1356527248,113,0.00,0.00,0.00,4.25,0.00,95.75
1356527249,114,0.00,0.00,0.00,0.00,0.00,100.00
1356527250,115,0.00,0.00,0.00,0.00,0.00,100.00
1356527251,116,0.00,0.00,0.00,0.00,0.00,100.00
